235
0 323 836 311 122 903 845 118 474 703 925 449 534 287 139 79 551 810 217 696 870 182 427 596 20 831 487 832 360 152 636 778 372 327 825 748 997 462 901 762 39 260 707 382 643 490 513 372 390 810 409 799 30 912 752 116 162 333 889 260 555 188 446 763 315 903 549 591 290 755 887 312 593 976 321 564 908 960 434 60 62 42 807 55 578 599 440 565 631 343 557 868 64 11 928 318 273 129 132 683 251 178 496 952 447 223 441 110 676 152 92 909 355 35 206 889 261 382 12 281 169 736 169 180 706 699 242 580 688 579 383 694 930 926 706 728 381 98 109 879 911 343 626 494 148 726 993 509 713 300 446 821 216 503 337 371 592 620 354 729 118 903 355 175 952 282 635 988 344 828 407 362 33 31 563 634 941 354 764 260 243 654 472 114 31 598 308 201 17 94 157 179 668 737 734 181 250 179 146 481 291 570 560 411 320 686 611 364 809 587 780 346 436 136 986 632 959 431 747 752 645 902 199 242 943 124 324 641 111 597 927 733 225 404 280
323 0 775 729 398 168 885 328 284 714 623 347 991 165 904 702 104 727 562 192 627 855 425 982 145 434 425 862 78 538 14 327 650 559 126 104 438 564 922 763 935 614 280 250 470 919 945 314 182 883 209 33 546 971 565 907 923 81 540 942 938 385 150 120 402 493 662 517 760 568 454 694 229 149 232 426 584 562 258 331 463 297 53 484 85 633 125 47 167 86 976 244 180 641 540 331 507 861 471 545 79 997 491 651 690 302 239 708 382 936 235 576 435 560 899 532 496 596 726 34 480 753 713 149 434 401 428 271 246 105 168 152 764 885 740 461 178 302 721 861 539 331 471 315 981 277 389 229 655 645 899 196 731 999 906 27 945 92 793 967 534 566 662 188 453 440 30 203 909 127 311 321 846 827 224 283 474 768 302 786 133 37 899 973 415 909 574 627 603 513 441 266 198 262 636 12 928 432 599 33 776 574 573 720 322 866 796 78 707 948 159 27 589 797 444 537 610 537 73 154 781 260 619 648 768 32 177 24 539 744 99 606 169 404 638
836 775 0 651 817 69 266 162 755 158 973 648 215 465 436 75 638 840 443 332 182 876 318 689 252 547 12 663 840 224 166 261 156 163 342 266 729 876 448 218 511 282 374 394 88 824 423 547 553 682 862 666 755 695 497 743 414 487 660 324 436 829 340 432 50 499 778 787 866 446 67 260 833 354 97 365 482 313 46 926 719 767 897 132 962 763 513 397 471 541 598 31 266 67 819 475 13 704 232 710 93 524 184 498 250 612 663 484 727 378 353 91 557 499 522 456 686 114 534 355 105 757 381 368 828 43 44 245 770 209 748 721 365 252 385 914 522 240 597 748 635 480 349 574 541 610 581 434 846 966 903 963 613 634 254 242 483 440 318 702 803 703 860 102 387 648 318 517 635 584 452 277 372 291 439 142 524 186 422 420 501 751 924 370 181 221 265 235 59 594 527 861 256 255 591 364 329 56 759 156 528 899 62 503 295 640 740 601 371 666 529 271 409 270 152 27 630 655 752 229 400 266 775 378 636 607 461 774 228 656 727 757 57 549 494
311 729 651 0 953 627 711 198 179 280 526 187 411 387 843 408 458 977 932 954 101 486 672 627 725 445 825 352 982 189 428 205 23 89 659 628 603 880 620 977 357 969 128 142 750 579 340 176 943 420 999 249 545 396 241 621 571 144 626 601 69 299 206 80 228 868 959 170 945 776 638 469 119 615 988 734 378 688 340 828 68 363 559 122 768 361 331 182 321 841 519 278 410 945 600 571 467 524 847 425 303 832 944 354 592 140 253 707 602 924 734 598 423 377 432 577 856 803 244 788 277 538 575 205 391 657 945 624 75 892 95 674 680 463 736 514 886 436 59 815 968 176 700 354 53 155 917 769 555 111 366 839 542 288 933 782 431 486 586 575 401 530 891 92 960 399 957 376 455 470 39 662 616 667 649 377 789 190 221 360 121 293 105 425 779 70 127 814 162 352 780 609 670 87 296 372 18 88 728 992 179 446 660 33 569 606 596 442 494 335 14 906 415 180 48 278 218 940 767 989 796 147 409 953 354 879 969 837 253 940 301 587 552 127 780
122 398 817 953 0 134 196 624 970 103 708 587 420 415 186 754 767 770 332 683 260 228 210 1000 286 10 689 356 611 492 269 114 780 776 555 94 781 85 719 375 106 695 287 925 563 780 292 393 975 121 663 643 737 21 404 500 56 146 238 933 115 950 274 940 451 282 186 218 522 403 550 56 180 854 456 772 519 511 32 946 66 168 612 906 883 442 756 107 300 565 986 93 41 778 765 104 649 559 606 353 420 893 778 515 810 381 226 822 178 121 165 1000 882 825 125 174 948 413 265 260 881 296 311 190 846 523 971 968 894 654 733 99 90 911 511 670 27 256 409 135 716 268 598 880 811 118 980 45 106 92 183 692 783 854 61 740 725 941 976 435 100 145 583 793 512 580 105 792 772 92 590 258 316 690 55 627 333 902 95 375 790 800 771 739 810 610 245 706 959 798 164 456 932 147 866 701 570 547 729 640 723 317 793 577 585 348 461 707 872 475 233 384 240 593 558 388 823 871 785 549 118 754 225 474 324 20 286 468 941 870 87 703 879 405 861
903 168 69 627 134 0 786 121 815 589 276 554 863 636 17 914 627 599 251 261 269 699 122 821 806 371 821 969 566 71 579 669 925 951 758 171 940 443 814 238 922 24 640 520 444 57 150 945 414 736 712 537 875 430 921 216 85 127 334 262 415 592 501 445 123 314 733 196 105 951 35 909 547 375 929 208 794 944 180 869 188 678 210 422 316 985 441 560 945 106 536 665 165 644 668 784 581 31 772 175 761 122 977 733 709 894 56 291 805 104 151 627 807 236 526 278 258 692 722 607 532 387 468 797 568 412 236 792 140 208 862 407 622 203 263 587 328 919 331 420 976 174 51 20 867 487 829 655 558 52 523 216 446 800 255 134 143 338 598 948 811 150 986 125 480 824 312 542 467 595 178 943 175 858 652 543 659 102 111 274 544 228 606 894 191 399 588 221 825 917 759 978 180 977 279 846 370 713 902 887 33 206 568 46 127 204 324 902 196 444 87 537 906 889 644 386 319 230 932 161 128 196 810 429 813 712 646 237 148 486 683 927 443 847 13
845 885 266 711 196 786 0 395 72 886 814 463 451 744 881 768 978 855 674 308 603 239 695 145 239 714 400 380 174 666 14 146 123 289 919 212 384 375 177 454 790 441 851 882 183 905 669 363 677 427 987 808 679 398 885 277 124 940 412 352 409 319 434 304 965 166 265 769 31 360 37 54 748 483 732 459 494 872 492 768 12 795 175 617 244 830 695 175 987 47 354 288 669 236 462 990 199 660 825 903 88 65 298 624 527 897 161 65 416 408 996 925 655 207 953 454 815 832 353 632 834 265 332 786 63 841 556 87 270 808 719 993 666 451 340 259 807 568 116 312 924 96 577 925 433 331 657 921 808 233 191 87 415 298 743 55 211 451 515 926 354 559 981 50 859 68 308 435 511 275 329 562 646 735 590 265 550 254 237 925 781 602 16 471 217 517 206 415 98 706 228 112 375 547 456 504 272 751 821 13 897 48 741 465 545 933 584 767 443 480 231 193 300 709 670 534 211 135 77 199 441 439 196 793 954 963 224 322 605 963 410 969 199 985 817
118 328 162 198 624 121 395 0 553 729 732 94 323 853 886 749 803 701 806 425 169 167 896 106 468 930 653 707 114 150 818 84 865 110 589 137 339 932 793 455 680 142 412 476 353 533 308 421 272 460 593 905 353 476 976 594 125 89 140 926 948 993 988 637 182 58 172 715 419 690 961 617 966 428 592 112 686 346 372 666 262 133 693 995 368 355 402 444 94 471 125 819 643 944 967 643 561 738 534 33 998 147 333 571 671 470 77 130 409 339 39 290 505 382 390 844 508 925 38 221 360 66 315 475 922 161 493 515 373 156 609 578 525 471 905 820 825 60 664 683 688 900 983 336 797 828 157 174 232 106 733 778 130 774 497 788 377 350 441 444 843 173 926 373 878 884 92 548 222 242 402 843 372 657 681 998 649 379 972 450 607 724 161 854 721 952 303 121 794 561 761 11 794 290 408 890 471 566 481 866 35 671 904 654 884 265 499 852 262 897 856 733 514 65 675 439 161 373 203 739 795 873 677 210 426 75 97 655 744 990 342 257 519 573 31
474 284 755 179 970 815 72 553 0 623 34 337 584 322 329 141 738 998 426 609 177 207 863 564 388 797 315 58 837 467 203 727 524 293 157 233 237 889 676 918 955 992 772 287 93 84 528 675 766 64 413 616 704 521 122 995 302 28 396 505 461 550 418 596 323 644 814 907 767 296 346 103 557 319 206 305 635 314 844 51 602 299 731 419 58 647 560 938 415 212 559 330 246 87 864 378 84 747 278 301 268 309 996 300 33 941 233 340 714 795 818 490 285 258 905 211 910 364 221 647 241 782 64 360 575 370 42 473 540 55 872 996 525 454 817 881 289 348 599 942 881 540 856 415 75 394 105 781 19 928 613 108 664 657 863 765 280 107 953 712 371 731 372 641 398 959 744 342 71 80 475 437 39 305 809 957 841 683 290 368 796 813 699 546 645 122 203 601 649 562 343 897 708 920 301 866 695 34 64 948 564 871 767 494 692 957 255 323 273 105 775 345 55 599 231 691 240 492 522 374 331 289 888 686 598 768 10 545 65 898 912 421 363 255 483
703 714 158 280 103 589 886 729 623 0 487 553 41 926 664 161 400 940 87 66 671 282 832 200 718 932 667 625 492 995 262 221 599 534 947 77 55 344 241 989 83 843 978 784 27 97 76 879 435 495 92 384 279 604 913 356 404 106 31 48 36 870 185 427 773 318 414 800 399 640 184 999 499 963 605 661 765 766 204 107 310 695 694 543 91 421 80 37 470 929 973 954 422 373 129 975 990 645 99 810 899 112 567 136 245 101 745 158 394 381 281 882 701 963 33 268 178 210 301 718 368 926 348 39 899 84 982 332 633 503 420 858 648 448 79 926 329 38 457 141 321 445 176 521 960 294 39 516 101 302 688 148 661 50 205 779 465 421 51 179 57 758 491 211 131 739 630 760 164 591 673 352 231 381 974 482 648 215 409 988 482 106 427 365 113 894 382 746 714 228 981 499 252 655 353 744 708 95 277 670 597 778 77 713 137 801 505 122 230 120 406 501 593 684 551 111 946 163 463 183 951 151 838 561 353 223 812 247 102 967 705 530 215 432 63
925 623 973 526 708 276 814 732 34 487 0 926 108 401 457 164 57 755 193 647 468 680 421 207 560 199 333 319 68 572 243 397 349 943 668 468 661 986 500 624 518 43 997 656 682 177 86 504 526 996 480 301 505 435 682 33 871 787 426 869 612 15 869 744 756 714 589 363 815 355 184 417 619 223 512 452 163 555 788 254 479 531 973 981 603 304 464 135 471 629 274 972 956 781 680 414 445 300 535 972 543 639 576 930 542 941 644 206 690 904 643 258 207 587 111 564 881 584 888 468 484 83 122 652 428 615 521 643 229 805 26 755 846 493 141 712 536 809 882 31 775 99 744 261 678 724 728 310 432 810 701 840 346 336 448 838 96 316 136 326 201 394 747 630 524 665 78 575 905 966 278 868 317 33 629 552 758 457 218 317 825 270 733 268 752 169 754 856 478 317 820 886 813 435 23 569 154 870 808 938 192 883 862 125 518 719 307 930 254 882 959 368 135 318 615 790 639 959 917 622 783 29 333 638 716 764 361 874 58 476 239 630 64 38 670
449 347 648 187 587 554 463 94 337 553 926 0 629 473 632 635 809 348 188 889 965 60 806 141 279 910 697 363 427 446 741 699 741 917 568 248 457 705 713 696 950 853 50 141 448 263 87 244 219 256 136 742 35 159 300 471 372 79 291 955 583 168 941 547 61 146 104 506 648 16 156 723 898 61 912 349 492 749 165 467 450 528 320 252 229 185 668 169 854 501 605 863 321 451 270 24 971 363 564 150 174 380 19 49 15 137 985 516 940 539 135 702 25 118 816 71 796 533 945 520 866 686 265 886 508 857 526 796 361 153 808 126 15 978 263 502 977 762 468 890 476 140 224 418 276 656 148 459 592 781 808 404 92 880 38 651 368 174 57 238 950 636 577 524 757 511 516 160 642 35 145 769 743 598 634 561 514 399 891 724 728 146 634 997 102 567 538 366 985 542 747 875 383 525 75 172 826 355 563 923 998 12 596 361 798 624 633 311 785 306 108 72 794 159 879 398 29 114 940 358 952 126 822 19 272 411 137 930 878 968 831 544 22 296 329
534 991 215 411 420 863 451 323 584 41 108 629 0 455 236 167 653 459 238 866 203 458 141 493 58 242 934 117 126 249 10 634 951 903 954 838 383 881 767 112 766 533 106 337 94 817 585 60 570 946 503 779 664 925 377 984 10 29 242 681 859 721 570 85 912 773 347 255 960 267 447 332 987 889 555 306 120 731 891 108 514 940 837 610 680 381 721 861 242 294 420 340 722 167 758 682 605 844 69 533 866 142 928 900 464 209 20 20 204 505 176 23 645 57 644 983 565 443 843 975 369 682 986 709 262 620 946 446 99 27 94 608 170 795 149 246 822 692 157 835 270 460 316 403 527 573 979 610 99 956 281 345 71 83 258 807 836 667 457 676 800 634 770 559 903 10 377 508 194 226 839 949 866 960 396 750 680 507 673 759 996 58 223 50 694 676 555 439 328 526 207 1000 552 159 783 316 76 524 318 693 482 383 45 363 272 645 917 562 919 681 857 46 357 620 996 599 702 178 83 362 420 650 395 196 82 808 866 584 68 371 888 257 115 691 840
287 165 465 387 415 636 744 853 322 926 401 473 455 0 788 717 913 898 496 879 174 709 337 316 264 362 343 260 883 849 135 623 992 530 166 25 660 23 575 184 98 156 628 727 128 917 661 741 596 82 619 380 661 348 458 227 169 270 380 981 724 416 705 641 657 631 728 568 692 20 365 872 376 796 676 441 296 729 117 578 203 603 805 684 412 402 48 525 391 307 981 361 680 614 940 684 100 589 965 712 711 889 936 583 891 637 910 939 768 586 492 18 911 474 449 271 289 327 590 384 688 738 515 354 817 895 188 982 87 913 206 67 416 326 398 911 387 65 565 533 447 90 526 338 791 550 783 553 849 522 913 245 794 186 241 493 461 179 874 330 575 984 847 656 582 512 213 517 605 425 157 89 92 535 679 998 162 467 107 557 835 187 519 83 804 331 557 218 712 683 347 250 375 737 292 789 237 853 503 883 573 547 450 669 836 117 829 491 131 747 924 621 303 983 826 84 354 456 133 877 68 429 265 272 216 746 916 615 434 505 504 67 42 841 36
139 904 436 843 186 17 881 886 329 664 457 632 236 788 0 16 347 693 164 904 378 563 884 914 430 298 835 40 929 934 418 401 228 682 306 538 939 446 673 77 337 866 779 657 347 348 162 21 195 422 697 97 899 718 14 272 568 338 146 739 552 456 537 256 170 473 508 442 385 356 183 533 218 447 314 952 486 649 262 348 38 887 485 323 66 177 500 414 576 896 49 913 386 209 631 317 788 521 290 46 364 742 568 388 513 767 18 595 220 652 646 375 17 647 975 403 925 26 532 179 79 105 520 175 556 955 118 81 722 671 667 322 608 956 708 197 905 961 691 297 755 841 389 468 152 773 536 364 667 533 486 720 60 570 767 357 164 799 377 917 203 238 585 722 420 649 934 641 627 723 200 733 832 276 557 267 279 123 85 502 363 596 266 454 484 153 376 436 100 324 794 402 213 210 597 726 737 830 335 75 874 593 443 359 137 777 551 586 635 934 629 481 962 453 252 493 225 470 638 192 757 200 847 235 357 487 160 337 78 998 144 698 699 242 130
79 702 75 408 754 914 768 749 141 161 164 635 167 717 16 0 214 658 322 472 744 487 757 221 427 438 655 13 114 16 199 758 720 24 702 925 130 277 894 801 974 109 946 90 971 391 340 386 472 532 434 947 113 201 774 682 465 481 783 200 342 68 656 367 980 642 627 492 196 484 213 665 891 825 908 460 566 478 856 39 823 373 269 468 187 687 219 945 66 907 804 64 919 221 333 383 501 17 10 986 781 625 994 864 781 392 985 354 716 321 161 364 913 549 515 971 612 416 565 748 191 376 950 742 964 557 83 609 679 779 453 63 532 937 201 726 258 407 681 613 19 619 701 59 231 535 934 587 555 104 695 713 810 161 161 583 723 573 277 274 736 290 632 347 870 881 464 509 101 915 248 754 331 278 70 1000 535 625 316 338 775 362 920 464 210 474 305 104 815 517 56 417 721 47 716 234 196 607 531 265 736 969 752 550 550 981 547 554 125 559 605 891 462 799 848 502 557 321 88 608 444 813 738 933 665 200 415 617 824 129 41 377 982 433 230
551 104 638 458 767 627 978 803 738 400 57 809 653 913 347 214 0 173 462 588 574 940 105 240 190 580 527 217 204 573 453 962 11 458 367 465 130 472 368 689 201 63 694 44 535 853 121 585 858 412 84 359 607 568 341 855 937 326 821 229 950 38 770 771 893 192 139 463 874 988 20 799 979 569 207 432 783 269 233 950 713 381 359 220 89 931 249 526 667 671 431 320 347 523 61 359 997 724 270 294 114 523 549 980 404 414 711 612 291 599 410 385 765 101 684 768 280 436 695 483 91 221 777 100 748 703 106 996 758 187 791 196 952 936 270 779 408 706 895 317 736 367 862 874 197 334 187 864 717 816 777 878 564 295 688 675 95 688 987 723 475 136 702 229 392 237 209 764 380 897 567 880 249 173 821 965 118 78 95 317 933 218 862 617 434 475 492 79 496 736 303 125 470 214 394 15 530 985 609 937 646 636 753 958 736 765 412 30 440 195 376 862 532 95 949 725 493 632 482 624 806 720 994 763 792 561 330 763 999 533 593 370 598 232 10
810 727 840 977 770 599 855 701 998 940 755 348 459 898 693 658 173 0 91 70 794 216 271 820 232 962 21 772 181 908 406 723 695 293 417 517 744 769 620 522 735 864 457 369 852 749 272 25 430 28 433 319 721 966 739 542 369 175 649 759 180 699 158 570 708 127 657 71 166 432 60 580 397 773 98 540 807 264 13 31 114 293 147 945 645 653 274 587 924 476 324 18 89 480 852 400 699 954 556 121 582 111 281 572 321 612 532 632 39 41 28 164 318 123 621 927 988 89 270 993 809 612 439 49 392 93 563 321 86 574 818 698 680 787 611 328 712 573 245 62 224 565 837 366 346 934 839 708 953 685 842 862 762 932 24 895 542 686 610 830 497 12 179 585 712 741 712 731 211 202 870 565 67 858 308 854 724 74 135 98 557 18 361 956 970 223 278 773 994 219 697 940 650 957 376 255 21 839 148 375 887 21 448 398 419 668 144 395 35 745 304 427 38 981 150 788 700 29 258 235 675 646 908 530 247 665 755 800 469 511 514 577 602 829 141
217 562 443 932 332 251 674 806 426 87 193 188 238 496 164 322 462 91 0 417 306 892 11 295 885 540 507 174 542 747 13 105 674 504 121 213 958 616 712 170 45 298 609 384 745 991 92 539 890 447 202 416 500 892 162 250 235 842 870 744 502 988 697 738 364 822 532 887 263 783 837 780 20 387 670 699 935 372 597 645 479 492 524 323 251 261 242 917 463 963 245 986 597 10 227 743 472 99 601 93 746 447 621 153 499 827 583 867 619 448 950 825 415 549 338 631 920 197 817 297 738 405 527 117 919 810 228 336 493 64 192 228 370 956 661 419 530 77 521 829 812 812 809 358 302 40 648 874 798 360 610 227 703 104 703 477 230 437 634 792 330 46 865 461 261 186 911 567 979 280 665 45 211 246 854 114 14 441 622 157 737 527 689 580 917 565 375 232 281 243 198 534 499 433 700 980 204 58 972 968 177 62 812 902 232 968 746 977 164 199 446 171 692 222 635 953 475 34 226 223 548 807 717 773 467 210 653 697 542 816 476 420 483 320 1000
696 192 332 954 683 261 308 425 609 66 647 889 866 879 904 472 588 70 417 0 98 250 384 473 289 329 618 65 219 722 116 343 408 58 135 104 754 278 829 734 890 176 358 559 930 788 826 268 333 511 985 376 67 626 468 61 262 324 532 118 279 675 830 796 816 280 926 714 12 445 117 612 689 677 462 12 425 721 779 49 677 762 824 929 515 318 689 783 666 279 248 907 737 874 275 917 739 746 589 240 403 931 22 507 678 434 72 503 335 852 611 838 222 233 528 32 179 223 193 962 148 777 872 381 209 298 461 204 501 551 894 342 641 768 70 866 821 927 261 251 948 877 259 153 958 583 329 864 977 526 481 743 61 875 231 622 858 847 618 278 866 537 430 33 483 136 158 851 683 985 853 256 675 979 195 496 349 207 761 194 672 940 820 449 74 79 447 43 58 440 134 71 897 687 969 955 740 573 35 12 485 826 401 438 787 806 650 255 839 865 803 630 680 416 895 782 894 802 918 713 788 260 551 317 36 433 41 286 709 575 174 755 306 529 774
870 627 182 101 260 269 603 169 177 671 468 965 203 174 378 744 574 794 306 98 0 13 421 84 464 986 672 783 597 708 803 662 422 728 173 335 500 140 50 886 326 813 922 101 969 604 671 468 959 293 428 760 465 326 656 160 838 715 76 843 715 444 806 51 146 252 332 442 148 865 751 408 138 354 725 993 580 657 763 103 546 455 942 934 325 425 933 674 125 213 274 664 820 593 562 579 335 948 390 648 45 194 879 914 379 354 558 40 97 141 304 121 79 222 175 256 611 72 915 571 793 433 542 892 468 751 75 190 684 227 638 680 942 247 324 291 819 558 34 564 366 132 464 67 974 519 505 399 881 919 732 233 904 715 313 626 476 780 46 548 959 756 941 427 1000 595 485 415 50 141 887 407 973 55 226 533 843 916 475 805 833 508 390 855 258 434 977 787 766 815 545 70 624 200 246 967 73 883 748 432 170 169 337 660 82 497 911 316 231 313 802 325 802 885 247 285 421 751 374 344 671 930 174 832 212 775 66 250 287 55 96 248 446 429 906
182 855 876 486 228 699 239 167 207 282 680 60 458 709 563 487 940 216 892 250 13 0 372 476 160 45 720 669 541 492 614 581 494 711 685 375 112 175 198 742 66 540 607 437 43 828 109 803 106 966 976 409 615 774 378 848 718 20 737 701 124 235 326 120 518 405 664 961 317 469 943 909 342 764 336 102 95 306 901 354 206 990 227 844 161 131 99 118 376 134 898 687 684 347 469 453 65 129 52 625 112 19 965 153 557 489 832 494 797 775 729 335 874 564 483 867 660 148 864 946 370 506 582 211 902 837 584 932 763 640 373 416 573 526 716 63 284 347 97 457 749 240 820 873 150 416 381 688 951 650 533 22 186 515 940 215 401 692 871 985 130 33 521 530 60 758 274 857 449 255 718 51 897 77 333 621 413 260 588 13 196 368 804 599 692 345 107 389 763 178 679 279 342 604 233 227 62 684 214 890 961 419 342 359 66 292 466 959 625 394 436 334 674 894 273 457 514 487 888 256 935 846 882 968 324 615 525 132 318 879 954 56 851 60 949
427 425 318 672 210 122 695 896 863 832 421 806 141 337 884 757 105 271 11 384 421 372 0 240 953 653 233 890 65 698 428 615 796 273 708 477 250 925 614 545 984 283 567 492 716 226 965 368 857 641 157 59 198 723 110 523 293 490 652 182 94 239 375 24 643 658 876 839 900 954 246 398 881 595 703 679 46 283 476 729 695 222 377 126 158 924 453 267 170 287 36 114 294 732 458 241 839 928 310 356 984 737 48 457 437 499 455 754 319 285 446 964 766 739 87 202 995 967 882 612 862 221 539 315 499 972 751 515 982 925 321 519 894 117 153 178 449 167 401 974 97 415 288 796 963 463 848 19 635 557 929 194 686 605 668 58 903 860 230 971 776 296 470 553 160 872 654 952 278 838 40 382 616 821 530 944 763 446 299 991 969 114 59 837 642 268 30 111 252 973 351 480 609 432 752 511 714 790 512 310 925 762 595 556 172 846 935 262 324 75 295 30 228 473 589 120 983 317 137 969 770 273 138 279 545 521 196 952 737 999 478 210 755 611 582
596 982 689 627 1000 821 145 106 564 200 207 141 493 316 914 221 240 820 295 473 84 476 240 0 161 931 882 155 109 24 319 782 742 216 17 374 678 78 679 454 805 481 744 203 762 533 231 270 179 295 385 355 990 13 169 911 582 211 163 436 982 75 915 277 550 623 832 414 418 566 239 543 746 415 987 573 907 128 959 956 436 615 862 200 510 916 232 441 109 91 417 849 30 867 730 263 930 748 106 961 478 602 968 384 46 208 975 739 347 485 163 149 380 767 562 784 560 639 110 371 567 44 311 985 869 474 459 180 352 243 834 401 634 22 780 99 454 905 269 89 279 511 60 230 433 604 452 815 117 877 503 168 583 860 400 661 851 155 666 875 726 887 629 189 467 590 678 84 508 40 708 568 242 71 706 126 821 356 839 870 931 966 526 184 792 509 362 247 136 89 742 670 565 217 945 245 362 812 485 783 226 364 437 758 773 62 955 902 135 869 424 450 151 892 956 577 868 851 426 228 369 471 152 674 439 41 106 387 812 286 404 639 489 487 831
20 145 252 725 286 806 239 468 388 718 560 279 58 264 430 427 190 232 885 289 464 160 953 161 0 407 542 959 396 770 867 342 332 921 14 93 881 507 915 552 112 576 684 616 26 202 894 544 828 731 267 12 959 546 677 401 368 133 149 244 528 145 889 672 608 361 255 873 140 941 196 313 615 160 301 483 896 246 617 562 833 577 354 796 361 563 139 722 409 130 337 681 907 535 732 88 663 481 599 738 135 420 788 76 71 812 10 571 845 528 338 315 911 339 899 995 159 215 494 160 574 286 663 389 562 826 461 281 629 456 525 211 97 284 260 686 634 252 266 435 445 832 51 302 722 636 899 784 828 433 132 385 156 275 908 371 381 668 699 34 497 241 720 652 524 870 40 337 808 37 859 183 303 331 27 191 791 132 711 550 826 943 246 532 970 544 921 937 41 814 102 500 770 11 239 198 219 633 810 91 663 845 596 174 458 546 984 361 166 792 906 461 128 584 563 705 263 266 865 547 635 468 484 121 886 769 530 199 81 950 105 185 122 752 159
831 434 547 445 10 371 714 930 797 932 199 910 242 362 298 438 580 962 540 329 986 45 653 931 407 0 816 333 814 189 171 596 995 269 404 709 275 475 540 424 447 65 625 80 928 452 772 832 891 417 26 874 133 907 895 848 415 280 895 972 81 537 383 782 401 486 569 877 937 489 149 382 580 344 930 754 716 754 627 96 371 455 346 111 797 447 625 255 197 309 674 750 59 761 710 485 211 199 928 666 944 928 497 859 168 499 510 621 635 413 244 628 241 587 160 258 799 368 515 813 526 599 525 392 729 530 348 353 15 630 795 985 550 813 685 687 111 946 868 817 892 322 283 917 551 710 123 439 668 264 96 772 517 64 338 854 436 405 489 758 256 407 586 527 661 200 734 599 352 471 102 493 812 538 747 298 252 672 662 826 197 245 136 617 722 613 794 687 514 130 284 809 847 358 617 759 503 33 787 494 787 964 444 256 866 46 945 61 736 949 860 337 736 638 127 493 649 140 722 432 465 88 319 218 267 679 42 397 348 625 706 379 872 290 952
487 425 12 825 689 821 400 653 315 667 333 697 934 343 835 655 527 21 507 618 672 720 233 882 542 816 0 658 601 39 465 440 987 296 94 865 358 860 569 139 312 712 864 435 317 664 840 327 952 680 688 140 847 161 564 796 90 749 281 679 503 711 487 542 842 228 811 690 962 582 832 222 197 294 133 836 75 45 210 334 741 589 904 425 23 883 956 899 431 39 285 73 961 248 631 231 413 484 64 420 576 350 827 248 447 94 426 752 466 350 839 914 315 366 271 608 656 353 837 77 448 182 325 544 430 224 78 520 177 834 345 633 753 767 921 997 102 784 325 706 139 360 272 186 103 312 67 65 275 352 390 632 207 877 512 45 496 553 786 275 595 197 22 800 285 109 100 39 621 652 947 628 402 965 406 587 426 778 539 348 921 565 71 995 914 845 862 424 510 91 127 518 787 252 831 736 981 339 792 699 150 320 647 102 723 808 295 60 773 12 39 603 540 206 193 920 219 972 873 540 797 687 684 981 375 215 707 682 578 654 31 515 80 195 736
832 862 663 352 356 969 380 707 58 625 319 363 117 260 40 13 217 772 174 65 783 669 890 155 959 333 658 0 974 334 800 606 617 487 139 355 771 562 836 249 318 640 968 741 268 451 930 516 102 589 737 960 208 354 589 200 549 637 275 219 533 30 108 132 917 466 454 204 765 687 529 984 580 969 912 933 900 79 402 750 997 288 235 448 824 218 447 358 585 58 466 740 786 129 743 758 177 210 90 575 356 756 554 901 692 890 834 320 127 384 942 215 290 19 518 762 226 938 364 83 550 252 157 283 893 924 255 858 912 504 134 921 608 158 635 648 64 299 445 800 119 321 816 723 569 72 28 858 185 710 642 757 481 281 532 294 446 285 917 127 861 60 327 604 776 217 855 381 507 781 140 218 908 613 315 121 615 832 223 563 984 803 832 492 521 683 609 26 602 967 257 604 316 447 710 959 674 580 443 274 31 772 146 804 424 371 16 140 452 527 526 289 158 722 728 889 854 665 695 968 418 727 253 169 289 490 373 960 241 154 580 806 513 485 166
360 78 840 982 611 566 174 114 837 492 68 427 126 883 929 114 204 181 542 219 597 541 65 109 396 814 601 974 0 438 956 577 664 365 806 79 12 203 866 24 757 61 127 359 885 423 48 955 334 803 325 811 786 311 530 804 497 738 443 47 482 24 297 661 29 293 985 453 56 909 784 449 768 888 426 234 636 931 464 219 343 363 470 362 118 239 296 287 676 351 495 620 697 474 684 811 758 815 656 102 631 128 720 166 979 176 52 481 274 73 127 757 792 33 629 11 974 547 888 727 841 317 701 488 405 976 857 311 836 620 451 545 688 546 211 766 725 82 905 61 546 164 846 44 545 123 934 596 209 176 86 746 407 427 10 992 556 720 93 171 134 403 127 832 283 518 848 601 753 10 512 940 439 789 137 974 565 582 740 802 945 320 123 68 184 796 236 969 483 26 533 528 639 483 710 584 368 805 943 978 516 161 932 341 927 993 646 586 404 837 381 422 248 754 421 380 616 450 98 303 666 474 345 568 10 788 11 766 413 820 578 658 693 173 632
152 538 224 189 492 71 666 150 467 995 572 446 249 849 934 16 573 908 747 722 708 492 698 24 770 189 39 334 438 0 928 862 503 316 110 484 124 982 365 701 975 294 105 750 272 817 638 854 361 834 665 164 428 932 759 177 550 100 651 775 683 888 404 659 388 536 176 217 334 158 709 110 808 103 960 378 169 155 894 106 487 677 150 868 32 205 947 769 20 599 727 773 138 529 145 672 443 784 631 89 509 90 27 28 749 413 232 924 990 786 968 235 933 373 217 261 349 92 791 188 410 917 955 563 234 831 247 380 775 184 250 635 432 130 145 606 841 900 600 843 126 216 709 943 699 502 458 602 914 310 419 29 185 771 980 481 886 533 96 727 236 843 222 407 57 321 366 664 328 856 382 177 450 578 54 342 733 416 286 496 678 39 824 407 201 188 362 641 241 375 562 569 525 816 909 857 60 458 99 735 246 128 767 873 797 154 383 938 35 50 630 81 836 314 516 897 920 133 541 819 697 194 461 53 523 271 762 407 967 471 459 991 800 52 460
636 14 166 428 269 579 14 818 203 262 243 741 10 135 418 199 453 406 13 116 803 614 428 319 867 171 465 800 956 928 0 994 489 820 828 788 804 794 298 896 908 878 158 639 762 813 645 70 481 584 888 677 659 886 156 105 505 130 768 228 220 395 35 72 516 564 145 319 329 119 946 202 998 995 705 715 225 651 728 381 871 134 240 16 935 808 96 884 450 186 365 60 899 377 904 596 339 475 975 775 398 86 967 861 732 349 758 607 55 266 49 240 832 738 829 992 694 981 436 86 696 849 766 707 477 723 754 989 761 829 774 319 944 706 91 271 693 411 623 723 467 621 701 168 913 728 722 157 418 427 348 711 34 641 273 906 409 320 864 411 10 79 238 795 939 736 331 387 652 272 300 839 240 414 869 474 434 221 22 168 338 426 127 160 541 854 823 820 51 495 929 173 725 853 288 467 985 995 831 452 309 216 258 707 682 851 44 820 186 565 275 745 618 688 131 679 58 577 170 947 725 757 705 985 375 506 987 293 651 324 902 661 730 729 207
778 327 261 205 114 669 146 84 727 221 397 699 634 623 401 758 962 723 105 343 662 581 615 782 342 596 440 606 577 862 994 0 187 291 285 577 770 578 504 688 807 807 603 786 794 976 431 925 145 441 859 635 498 145 683 177 703 201 57 675 386 334 203 548 92 987 995 602 748 24 594 700 520 211 539 907 120 22 709 71 592 370 782 240 398 187 606 846 664 650 371 793 192 565 497 743 12 614 353 276 318 934 603 322 678 520 918 730 537 832 419 128 288 558 439 709 947 638 422 488 527 767 142 447 831 622 56 241 798 129 248 351 692 752 232 264 400 597 477 90 987 803 280 158 631 137 822 746 638 747 125 401 95 939 493 226 656 598 512 74 238 691 911 126 639 748 165 973 187 993 547 626 703 355 694 68 242 146 907 374 776 441 209 340 822 866 680 907 85 819 154 636 584 580 189 491 230 483 59 279 131 858 553 903 599 400 92 937 271 600 407 534 868 484 713 396 820 583 801 768 69 969 319 505 458 700 673 51 685 233 66 614 20 774 838
372 650 156 23 780 925 123 865 524 599 349 741 951 992 228 720 11 695 674 408 422 494 796 742 332 995 987 617 664 503 489 187 0 79 724 534 20 510 924 151 823 110 635 274 156 41 939 829 79 87 464 284 861 47 293 519 541 777 847 170 562 865 768 582 695 830 241 303 531 965 492 369 539 111 415 24 374 178 556 810 589 614 439 885 792 575 920 157 59 219 105 361 390 468 757 641 531 322 168 319 860 499 643 131 420 557 839 117 216 297 19 144 284 728 473 680 261 655 599 709 332 388 881 655 595 230 490 986 292 674 66 664 915 547 413 17 873 74 733 150 355 424 458 388 567 304 596 315 165 96 867 562 476 736 458 138 784 656 373 24 312 709 479 155 236 292 297 27 390 199 483 639 687 836 277 313 692 583 819 520 725 394 528 172 319 368 989 415 200 350 480 315 809 645 756 82 50 912 955 693 448 178 132 718 467 316 338 618 145 964 265 812 935 143 241 129 684 813 332 786 678 993 166 257 281 98 783 830 786 231 340 616 145 442 798
327 559 163 89 776 951 289 110 293 534 943 917 903 530 682 24 458 293 504 58 728 711 273 216 921 269 296 487 365 316 820 291 79 0 714 730 515 830 215 836 311 685 180 326 659 404 883 600 350 112 509 172 445 752 69 323 292 161 284 726 511 602 912 460 202 778 721 349 217 811 541 435 887 27 523 583 946 172 31 639 604 581 90 188 292 37 426 376 337 285 293 322 582 623 621 761 759 417 631 104 965 252 35 529 235 296 938 359 983 500 985 84 245 501 850 917 31 807 798 955 286 305 31 519 543 469 684 292 125 882 844 615 673 542 101 614 846 612 742 623 712 726 993 16 531 616 113 859 411 710 733 274 732 544 287 639 236 424 807 26 407 477 824 24 824 844 764 872 726 196 732 347 831 242 774 691 77 526 430 789 597 649 564 80 758 404 578 258 62 79 643 218 708 30 700 766 927 63 143 920 595 957 219 148 894 54 742 107 723 115 785 823 534 446 775 384 912 281 23 445 954 874 65 432 976 190 163 376 192 558 533 547 381 669 207
825 126 342 659 555 758 919 589 157 947 668 568 954 166 306 702 367 417 121 135 173 685 708 17 14 404 94 139 806 110 828 285 724 714 0 535 380 917 869 693 827 168 20 471 153 150 489 338 420 196 443 124 316 597 244 802 562 770 116 945 91 996 570 162 709 64 177 249 368 938 563 640 225 673 371 411 848 956 909 302 334 371 760 794 188 147 814 116 496 148 995 470 544 678 970 870 720 339 595 767 740 949 906 938 952 680 128 445 740 254 882 757 289 659 568 449 585 287 866 620 31 467 855 521 941 530 296 990 283 253 905 260 772 58 147 646 26 922 460 86 167 820 664 767 224 853 945 28 343 647 724 707 816 46 230 721 495 497 406 733 494 587 369 720 48 660 268 507 718 582 955 198 537 493 513 332 871 143 786 132 570 488 310 255 110 852 803 361 721 770 417 928 551 890 432 673 11 605 816 776 824 697 354 324 749 390 918 556 970 796 345 263 901 530 987 733 436 264 615 965 560 146 550 795 606 341 955 231 947 72 879 757 432 837 23
748 104 266 628 94 171 212 137 233 77 468 248 838 25 538 925 465 517 213 104 335 375 477 374 93 709 865 355 79 484 788 577 534 730 535 0 620 634 937 581 849 562 483 638 525 217 93 329 776 306 344 837 570 619 268 748 854 491 174 975 332 452 968 335 81 918 25 77 935 735 710 13 902 233 973 174 926 575 159 397 566 650 943 440 180 727 297 990 401 834 350 646 145 285 221 954 757 265 725 170 962 358 449 883 13 31 329 366 410 217 958 518 248 533 795 480 225 24 388 339 93 613 213 32 204 258 609 59 790 126 293 526 444 837 818 996 847 361 929 190 663 929 640 679 476 407 374 269 949 929 499 75 126 280 715 75 317 983 553 223 618 662 592 319 953 161 315 189 786 664 68 453 377 109 350 808 939 767 613 126 444 934 512 454 866 203 641 63 941 270 711 742 448 383 706 119 484 755 857 607 674 602 82 624 170 737 83 716 668 444 459 230 258 238 722 269 26 19 714 177 325 285 28 818 875 787 957 326 916 642 626 850 744 82 513
997 438 729 603 781 940 384 339 237 55 661 457 383 660 939 130 130 744 958 754 500 112 250 678 881 275 358 771 12 124 804 770 20 515 380 620 0 129 885 286 491 910 483 644 226 556 393 902 209 364 101 26 831 979 389 739 797 410 968 184 27 242 958 485 96 98 949 167 856 683 880 922 406 61 285 606 546 857 293 873 157 493 445 980 24 793 527 768 177 621 310 820 815 686 167 177 281 131 768 514 509 212 805 512 27 383 175 49 423 426 129 34 708 98 978 418 564 655 24 955 968 633 332 181 492 724 672 785 74 824 168 640 110 862 979 67 440 919 513 722 491 93 225 655 373 263 934 537 337 76 300 60 597 701 386 519 90 731 872 543 407 229 244 120 24 223 289 536 412 418 736 846 293 409 286 438 125 699 728 385 148 664 833 391 637 483 896 946 183 525 545 876 305 334 353 464 380 868 387 39 919 493 555 544 41 519 329 957 878 201 526 444 627 82 944 379 886 792 526 749 727 520 710 660 231 316 330 905 982 236 531 269 415 817 445
462 564 876 880 85 443 375 932 889 344 986 705 881 23 446 277 472 769 616 278 140 175 925 78 507 475 860 562 203 982 794 578 510 830 917 634 129 0 419 256 993 179 416 470 947 141 617 915 682 287 869 885 61 779 784 764 289 859 533 757 596 615 841 299 490 212 969 564 723 83 296 540 222 369 284 435 912 69 82 198 734 174 398 345 131 687 22 125 268 340 331 114 542 289 325 154 427 508 313 742 628 78 859 565 569 443 99 197 632 779 274 52 588 169 804 956 57 774 874 845 321 991 702 278 110 619 790 185 30 794 707 432 617 901 384 340 568 11 705 262 176 413 902 191 25 44 659 605 819 538 340 620 639 914 886 269 679 25 331 837 614 810 662 201 966 951 167 126 329 145 45 498 830 494 738 443 187 933 743 144 588 765 491 259 599 712 823 742 458 215 921 675 134 61 766 179 341 499 775 468 347 748 903 276 392 331 193 796 453 758 17 125 749 20 934 224 309 81 624 824 19 930 628 783 112 778 598 321 484 16 48 888 87 479 608
901 922 448 620 719 814 177 793 676 241 500 713 767 575 673 894 368 620 712 829 50 198 614 679 915 540 569 836 866 365 298 504 924 215 869 937 885 419 0 780 331 368 554 151 999 544 682 768 949 488 829 378 228 631 127 383 834 961 266 360 148 90 721 634 402 996 945 631 163 377 544 699 914 164 408 69 970 453 537 877 552 872 139 370 808 659 88 719 123 214 257 24 929 188 15 39 111 794 393 931 545 763 178 441 67 142 561 813 362 995 99 279 181 90 191 865 234 976 668 733 201 750 65 515 242 770 835 236 69 205 563 38 404 867 941 16 315 603 513 483 260 64 89 565 170 656 597 793 493 797 431 291 472 607 764 709 991 613 232 539 389 739 502 883 919 956 629 745 521 538 800 760 174 996 289 846 619 828 295 378 922 691 383 24 665 139 736 788 71 978 467 195 522 366 274 576 134 734 346 389 153 201 249 913 441 504 693 995 747 425 192 890 698 748 344 679 630 347 350 218 247 492 542 30 347 729 239 528 238 329 53 208 67 538 601
762 763 218 977 375 238 454 455 918 989 624 696 112 184 77 801 689 522 170 734 886 742 545 454 552 424 139 249 24 701 896 688 151 836 693 581 286 256 780 0 71 985 810 645 290 835 961 947 154 528 514 976 114 639 728 956 634 840 678 625 279 219 359 585 665 994 277 972 256 551 319 912 874 373 526 46 840 53 588 304 982 601 399 469 329 322 425 273 634 839 993 641 719 915 680 439 643 79 649 544 327 273 20 300 964 165 552 626 443 757 677 358 812 951 656 88 125 612 708 258 156 316 860 897 506 827 281 858 516 255 205 784 675 345 321 115 816 246 963 185 877 370 545 987 507 363 877 75 540 285 579 979 361 651 125 548 861 245 49 486 307 813 286 326 757 698 575 839 184 227 88 973 721 187 617 65 457 696 306 704 667 241 965 415 486 110 730 370 309 859 668 348 516 780 789 576 39 32 218 943 288 519 548 619 897 66 560 240 561 684 285 968 132 885 260 501 101 442 857 979 321 880 599 99 500 262 104 191 449 896 980 164 55 761 217
39 935 511 357 106 922 790 680 955 83 518 950 766 98 337 974 201 735 45 890 326 66 984 805 112 447 312 318 757 975 908 807 823 311 827 849 491 993 331 71 0 283 577 996 826 244 90 215 803 768 349 445 693 581 47 550 875 348 197 699 163 273 527 458 275 303 566 523 39 906 452 861 643 711 742 894 945 758 311 178 557 18 424 118 119 307 492 522 539 497 122 695 459 125 686 349 960 282 544 430 46 548 586 224 977 393 165 745 599 128 541 482 52 495 886 882 690 263 931 148 792 611 507 202 835 313 281 246 335 638 57 209 93 736 837 544 992 786 753 159 486 457 267 309 341 233 868 177 627 457 854 471 379 471 411 860 97 685 524 121 990 614 552 524 663 262 918 30 345 165 875 638 664 206 315 909 591 719 654 672 60 697 917 624 527 745 244 579 61 252 64 759 108 137 639 242 401 865 828 719 153 313 282 431 547 681 32 339 83 194 808 249 450 73 927 862 562 267 292 939 342 92 551 460 318 636 771 564 867 296 246 861 680 849 57
260 614 282 969 695 24 441 142 992 843 43 853 533 156 866 109 63 864 298 176 813 540 283 481 576 65 712 640 61 294 878 807 110 685 168 562 910 179 368 985 283 0 17 811 772 559 25 31 891 932 957 678 588 662 141 296 646 406 407 946 974 301 594 652 783 883 43 737 448 92 531 959 591 287 319 306 732 432 757 794 10 761 983 339 793 557 287 597 270 18 103 215 436 759 959 359 901 450 440 300 819 617 643 440 556 929 1000 274 34 428 858 34 193 296 871 924 367 106 840 174 375 403 131 798 67 931 89 186 483 573 397 404 179 385 728 315 280 573 532 63 270 315 893 289 382 199 826 597 684 301 865 591 267 818 38 857 560 255 129 346 118 62 244 20 946 95 506 364 534 317 837 705 922 873 849 889 588 700 895 470 733 29 142 725 651 538 241 70 589 605 614 11 607 941 102 748 108 668 301 217 90 639 138 80 886 615 153 400 824 367 966 75 202 942 593 14 416 439 892 263 127 709 915 837 889 144 802 976 540 493 634 391 668 897 525
707 280 374 128 287 640 851 412 772 978 997 50 106 628 779 946 694 457 609 358 922 607 567 744 684 625 864 968 127 105 158 603 635 180 20 483 483 416 554 810 577 17 0 775 896 176 439 703 381 927 349 605 473 637 764 396 263 925 216 624 326 136 895 620 582 586 702 185 135 204 786 774 717 870 510 229 478 76 454 662 246 102 148 880 903 589 951 844 997 63 992 932 336 91 83 852 890 90 447 742 912 141 86 800 301 297 968 30 29 777 936 631 353 617 123 146 73 901 374 837 33 241 816 931 102 511 475 75 488 845 142 89 551 762 108 73 626 931 756 398 490 462 759 594 728 933 546 101 140 401 785 901 98 657 75 789 895 473 128 402 68 558 467 159 174 595 526 786 294 749 736 129 50 145 844 707 108 658 598 880 682 30 442 60 542 465 229 965 686 95 986 365 308 651 581 401 886 17 887 587 650 693 760 911 155 440 407 413 56 357 737 453 674 661 494 421 109 614 375 437 612 731 737 287 506 127 858 940 507 595 30 270 412 771 835
