256
0 369 626 854 914 465 129 76 105 71 402 270 438 37 756 158 869 542 626 389 477 425 574 769 737 482 619 662 193 238 451 95 728 681 376 418 112 708 409 359 599 529 381 534 547 666 602 679 161 307 183 258 790 946 322 563 287 146 942 685 519 454 998 389 546 80 680 242 697 811 122 650 582 306 269 156 431 557 769 736 976 110 54 587 961 364 651 322 513 379 432 834 186 643 751 434 150 359 111 599 309 101 860 224 766 234 415 579 31 551 108 489 711 683 429 64 541 188 349 785 102 94 231 312 226 426 372 333 516 429 816 534 168 983 945 429 599 780 813 769 421 731 796 301 273 387 785 239 746 760 704 851 81 499 680 942 463 460 262 173 250 112 611 928 907 235 562 129 206 112 186 612 254 116 543 715 817 805 124 824 791 954 475 815 667 157 629 814 649 852 415 823 60 442 703 887 499 908 514 878 382 956 461 713 192 546 569 956 268 922 461 506 159 720 82 904 709 146 583 977 695 925 155 447 941 260 878 309 290 673 283 529 770 893 662 15 217 921 502 683 454 956 566 218 875 844 547 346 354 240 470 841 169 534 418 897
369 0 22 649 573 868 451 239 544 446 206 46 298 357 383 569 497 431 854 402 74 229 57 636 150 938 720 250 920 473 171 317 764 493 680 504 204 578 635 11 446 23 997 105 200 973 679 736 248 54 552 379 258 428 59 443 633 191 147 776 869 428 967 504 943 924 214 145 379 855 648 808 184 127 939 186 270 290 830 470 986 249 185 765 953 679 871 851 440 826 374 62 707 403 449 207 878 459 612 176 215 703 206 94 637 595 860 83 367 940 555 181 892 166 368 201 881 65 68 365 833 595 67 394 860 196 337 839 521 588 252 128 229 184 66 669 470 250 914 569 988 216 401 376 242 797 492 363 437 615 138 681 126 750 974 431 953 984 459 428 918 204 538 65 343 610 530 473 685 714 937 949 615 214 762 755 132 499 386 745 772 802 596 483 32 533 331 429 862 620 752 419 573 750 480 697 823 836 350 856 328 888 798 907 902 985 804 485 401 975 982 958 507 682 368 744 325 921 381 11 306 222 962 666 602 24 742 330 575 987 472 104 394 724 348 666 749 482 575 896 37 688 500 932 904 397 291 832 676 758 50 630 979 117 322 945
626 22 0 263 875 242 794 303 760 235 642 629 650 768 518 989 639 521 756 166 731 940 63 557 481 168 383 281 947 814 393 119 287 816 251 657 641 883 823 258 181 214 997 976 182 60 341 846 222 673 643 737 551 314 731 663 540 871 518 327 965 597 622 232 573 704 561 529 522 474 648 241 594 618 386 817 443 286 926 467 57 333 291 253 275 386 722 324 533 22 311 904 973 375 762 471 977 662 119 77 527 163 138 733 910 750 423 811 153 496 370 653 488 629 981 452 92 566 10 555 49 729 508 223 819 705 918 274 827 95 960 424 793 704 163 702 93 898 120 559 351 635 66 35 572 564 198 507 476 728 576 409 323 726 942 696 445 154 454 401 24 876 961 340 534 313 671 182 930 633 85 29 878 372 174 172 240 470 998 226 10 814 146 284 926 976 517 836 56 990 372 963 877 922 297 772 576 715 758 780 308 46 88 327 717 279 608 842 292 135 634 447 488 235 831 450 984 128 634 891 526 227 816 211 303 73 73 33 825 435 112 311 773 431 56 172 451 131 255 551 237 824 212 881 30 375 749 803 490 479 941 958 494 944 156 798
854 649 263 0 952 889 586 607 55 823 249 733 967 742 527 485 506 299 21 77 187 397 732 308 208 675 593 168 748 171 571 167 363 627 283 33 40 157 810 208 653 966 894 609 603 162 233 947 426 711 803 350 247 319 345 787 974 655 321 105 287 496 172 31 299 993 14 649 298 932 459 190 613 989 484 762 737 588 650 552 265 741 404 42 617 139 484 875 970 612 448 233 141 360 807 683 12 552 103 340 879 717 907 323 472 403 784 101 212 292 770 453 373 268 958 784 301 691 891 230 457 258 294 729 936 851 653 572 514 601 557 967 394 544 62 35 714 76 832 675 800 173 156 663 492 275 817 762 181 339 453 701 312 359 98 78 600 610 328 814 519 388 71 201 874 106 680 127 360 605 170 239 461 737 856 181 687 534 71 551 131 577 489 945 814 744 110 341 663 783 538 865 149 709 185 409 206 651 945 393 575 180 603 977 852 258 437 419 647 605 64 286 747 592 906 899 685 631 969 579 918 377 546 879 38 151 634 83 695 921 934 499 653 547 410 354 590 292 132 333 550 710 249 248 847 61 243 299 150 752 460 868 207 872 373 730
914 573 875 952 0 547 916 644 706 902 949 439 318 846 339 260 127 20 614 679 225 521 260 951 968 627 349 23 379 407 847 775 568 21 238 538 831 407 220 36 342 480 309 801 848 660 324 33 552 802 566 157 569 928 433 733 202 163 730 161 917 79 809 374 503 637 212 807 51 614 473 911 735 220 207 347 836 563 620 496 330 991 160 237 80 712 116 263 891 631 553 969 330 515 447 301 331 138 814 990 248 753 927 950 53 988 476 165 214 621 81 45 566 691 643 363 331 95 596 742 527 834 791 923 166 335 306 549 848 49 855 376 708 353 202 273 490 644 393 67 180 935 726 832 873 33 834 225 140 288 549 942 389 140 721 680 529 469 823 122 999 912 572 427 286 856 480 907 684 266 410 82 702 644 588 234 565 391 834 467 524 302 405 691 902 390 681 97 254 716 730 95 815 393 293 723 965 310 628 161 201 472 758 297 87 61 45 724 331 639 50 359 926 429 543 620 734 554 46 606 985 582 743 407 457 787 117 218 146 943 483 866 229 715 936 101 236 692 593 529 32 941 791 264 73 209 707 289 253 268 66 787 903 13 340 878
465 868 242 889 547 0 733 711 254 795 527 402 182 299 646 706 583 134 701 71 289 691 801 692 537 312 187 517 695 221 906 448 63 455 905 889 41 592 143 901 409 681 546 537 864 73 310 987 474 927 534 660 856 873 151 521 851 352 254 722 828 663 312 842 325 766 489 467 470 822 463 861 49 874 548 328 278 695 226 684 525 367 782 884 507 352 513 91 871 972 586 658 557 241 700 735 727 137 187 886 612 760 785 319 571 217 388 34 458 281 857 511 801 282 17 48 554 790 686 53 638 547 617 95 786 121 515 453 683 644 205 941 355 409 249 834 146 26 932 353 378 234 810 991 389 345 608 273 19 212 537 964 760 263 827 641 445 817 377 151 916 488 38 816 653 444 936 904 126 785 757 682 257 581 346 318 280 63 882 154 992 68 485 360 135 18 708 994 80 36 512 10 334 180 842 960 36 335 608 851 705 60 564 469 468 279 568 309 803 829 924 859 321 224 718 812 80 788 60 162 992 728 121 73 661 728 871 286 339 736 930 512 661 567 11 475 571 803 415 62 860 590 761 142 274 497 577 314 646 840 75 484 886 648 930 630
129 451 794 586 916 733 0 96 270 633 912 96 124 789 656 878 663 396 702 462 718 41 426 728 941 108 720 551 983 445 177 538 867 913 386 447 189 41 711 799 612 617 518 813 616 719 792 956 36 569 709 585 75 27 865 112 210 371 936 955 108 446 209 141 732 158 423 594 216 306 109 556 499 170 440 764 686 849 687 24 783 542 910 643 995 154 576 878 234 441 107 760 912 151 162 688 361 348 601 774 375 718 314 372 210 253 565 291 147 71 484 223 862 323 490 828 825 426 246 247 327 731 849 187 337 34 890 972 821 133 31 995 219 263 360 660 336 581 930 163 431 837 507 37 671 631 301 936 146 786 340 964 318 290 734 617 957 733 769 914 363 73 744 27 486 175 679 552 938 832 447 630 699 56 495 427 433 788 50 382 126 726 892 850 383 535 80 123 459 900 81 557 508 281 480 909 759 485 487 233 105 117 973 463 968 371 87 868 331 651 134 620 673 122 95 850 301 453 924 167 976 832 492 998 940 884 765 104 256 312 596 301 235 172 659 842 528 71 627 254 778 502 428 271 319 763 721 431 380 911 289 102 475 249 202 907
76 239 303 607 644 711 96 0 224 95 423 11 533 450 307 735 962 650 592 713 159 49 813 143 749 657 949 634 382 797 889 854 974 778 367 174 935 934 17 863 303 559 34 833 696 638 356 978 970 815 802 143 163 1000 246 778 403 584 870 547 790 334 406 754 970 928 906 402 72 603 707 419 536 339 244 975 695 859 93 273 993 233 419 333 640 326 546 700 438 135 221 282 324 520 404 741 656 676 55 392 146 120 78 116 799 548 470 195 200 126 691 636 884 827 827 236 460 327 479 266 954 212 638 917 192 542 692 103 588 667 155 785 701 813 822 725 794 527 102 247 173 464 381 219 925 394 226 999 122 160 634 742 111 22 356 204 596 376 240 859 624 340 302 338 260 61 924 909 285 862 648 438 533 875 535 468 57 451 267 446 232 79 938 726 255 823 942 811 953 740 347 583 68 193 245 278 667 185 876 641 809 84 446 973 880 992 882 762 906 642 163 980 10 164 43 611 375 34 297 543 123 467 246 256 806 634 458 507 929 904 397 187 100 618 207 519 121 644 882 759 247 559 680 772 193 430 671 631 613 900 760 637 182 757 476 777
105 544 760 55 706 254 270 224 0 654 203 636 841 418 856 895 780 934 174 206 267 413 513 1000 50 649 885 45 131 315 979 306 175 297 269 822 264 478 40 57 40 828 818 844 442 377 36 396 935 375 761 248 248 158 594 459 831 876 329 829 639 111 948 892 942 331 692 23 361 672 69 233 866 861 854 356 209 663 613 821 736 693 269 611 604 510 273 879 677 341 277 147 120 159 906 282 411 365 275 154 572 297 252 33 514 320 192 262 882 571 51 272 834 668 844 632 310 548 985 709 339 64 483 951 636 130 999 749 425 145 837 581 193 639 894 956 267 444 384 704 476 987 656 385 864 683 286 22 133 132 732 89 968 157 107 33 256 763 371 841 373 682 567 675 196 499 68 685 444 927 318 558 748 131 707 386 261 517 379 547 527 295 728 528 351 37 500 363 301 668 589 554 255 994 679 206 503 792 267 922 593 231 782 31 535 52 961 362 286 759 319 430 839 610 335 104 457 740 321 708 916 573 768 402 879 112 19 633 681 425 830 788 977 881 689 452 251 267 596 402 693 440 755 665 259 698 641 686 321 705 868 782 197 543 509 368
71 446 235 823 902 795 633 95 654 0 878 334 943 658 90 805 283 445 416 561 100 663 906 157 652 326 354 422 142 105 737 652 111 431 426 234 137 828 65 89 887 891 524 752 290 69 824 34 403 300 869 136 183 341 809 633 463 377 688 516 721 661 14 26 366 439 261 312 489 198 210 657 59 566 328 120 140 534 188 218 993 630 719 812 949 403 172 324 132 738 236 369 306 627 705 192 258 321 345 738 206 358 591 831 916 874 970 139 477 586 207 99 152 831 442 980 815 491 190 381 552 323 106 690 34 357 207 727 932 744 46 204 175 939 82 211 738 567 683 753 568 133 93 85 977 404 846 717 147 903 195 351 871 506 624 19 682 592 284 673 101 119 377 402 174 370 21 768 988 818 853 999 820 940 597 115 460 159 894 105 24 119 177 208 385 997 76 674 393 116 923 679 485 969 60 986 673 201 49 999 830 507 351 159 719 835 967 290 609 651 90 552 479 691 942 898 320 504 348 929 436 521 762 753 556 215 441 880 789 69 397 562 43 63 854 536 716 539 688 735 369 165 822 801 205 390 884 381 365 200 167 495 186 838 642 23
402 206 642 249 949 527 912 423 203 878 0 906 60 728 246 330 247 671 886 937 338 134 889 419 445 674 493 229 165 990 254 831 423 742 327 402 750 995 102 235 265 43 123 257 76 856 60 894 508 624 570 940 576 312 350 685 156 908 468 723 586 65 72 365 943 705 750 326 451 120 898 961 551 666 740 381 826 111 214 228 345 109 731 596 256 624 931 319 535 442 249 740 204 876 487 133 14 248 277 897 677 129 432 229 592 492 949 478 352 225 674 166 836 979 192 566 153 516 166 445 190 912 293 354 491 690 82 796 137 964 517 306 677 82 377 671 181 301 640 889 422 918 874 516 513 450 294 836 638 143 665 410 464 385 999 565 392 890 240 968 331 117 315 847 239 28 973 465 936 640 814 124 304 52 305 62 218 865 54 755 312 595 395 15 66 151 890 864 825 511 909 294 110 295 592 980 185 239 68 682 141 906 682 702 227 573 910 199 953 450 184 201 216 822 260 158 67 231 90 498 480 922 236 493 79 639 343 891 147 756 338 514 600 990 863 452 208 569 652 93 185 226 400 582 866 565 975 988 216 569 675 423 661 296 181 524
270 46 629 733 439 402 96 11 636 334 906 0 538 16 273 414 680 718 880 413 225 712 539 287 265 878 890 213 638 194 160 932 245 632 534 314 88 792 740 835 434 57 502 381 235 586 230 687 584 373 43 820 499 849 265 142 629 325 883 126 192 20 408 64 405 377 301 126 657 821 498 228 602 544 153 306 136 845 274 291 118 507 695 617 201 520 869 279 654 189 846 297 257 401 405 567 898 121 760 892 446 565 11 190 400 849 692 667 696 589 383 681 528 914 761 638 805 301 179 308 400 443 291 912 401 82 365 628 74 80 782 656 293 594 192 110 73 974 22 138 688 211 339 635 893 375 926 136 433 504 677 635 680 229 725 823 511 485 249 306 630 581 907 836 512 533 367 443 188 662 180 327 370 933 508 430 741 493 226 312 835 995 532 531 563 406 669 819 163 156 632 963 972 418 874 613 103 841 813 937 410 108 67 91 453 754 389 76 692 178 696 112 245 823 700 919 643 253 787 124 952 292 676 788 388 122 315 409 622 285 725 746 239 11 814 537 473 415 123 69 934 355 515 508 374 557 815 718 582 449 481 723 555 839 138 407
438 298 650 967 318 182 124 533 841 943 60 538 0 588 609 631 205 375 680 459 195 654 192 231 542 660 118 60 820 894 188 259 995 52 42 581 876 117 143 917 187 157 187 746 362 771 914 541 497 235 19 750 607 805 134 917 780 780 938 425 457 885 345 15 508 113 828 324 385 867 723 794 79 275 926 843 868 98 207 173 89 582 233 805 887 961 908 543 291 914 554 662 875 381 449 597 474 604 159 12 452 759 216 183 933 479 749 435 79 530 558 212 379 511 351 953 363 280 625 436 933 740 111 590 49 115 796 239 994 181 940 593 957 758 774 167 396 267 657 587 185 579 477 28 869 972 827 863 724 253 899 759 272 72 333 398 252 163 556 807 844 698 904 916 48 901 952 476 110 539 900 961 837 593 508 45 504 534 545 725 251 123 892 629 101 975 660 948 237 382 894 258 749 246 566 906 428 898 291 176 824 137 462 704 748 628 437 110 725 132 818 982 180 254 447 113 484 749 734 343 980 751 533 188 428 71 81 587 23 362 186 563 625 193 570 229 959 124 634 444 461 261 825 791 722 204 193 922 433 68 338 142 549 180 446 545
37 357 768 742 846 299 789 450 418 658 728 16 588 0 427 244 682 404 265 911 911 678 345 120 133 465 316 560 998 943 629 408 941 916 639 487 153 932 286 765 213 108 86 534 221 816 135 255 677 926 309 867 853 838 448 461 421 250 742 938 921 642 739 194 755 489 103 543 810 232 28 148 540 844 677 394 412 772 296 114 310 320 30 149 805 345 324 302 587 26 958 807 350 366 899 261 399 643 52 121 560 282 90 413 817 211 321 784 334 31 481 804 449 842 784 154 371 138 779 304 916 108 643 53 431 341 381 442 953 769 703 65 380 65 877 826 824 806 479 142 894 401 779 866 327 291 985 344 279 566 43 492 649 505 551 668 562 788 562 640 956 107 424 944 289 559 139 500 467 401 712 101 67 176 416 708 950 511 104 190 247 632 176 373 297 611 774 641 108 266 542 328 490 517 952 732 129 432 583 631 321 865 800 441 195 896 145 377 428 132 909 385 750 908 47 793 595 823 52 387 293 554 108 351 223 705 195 448 63 604 601 100 423 505 258 282 392 391 885 482 765 666 511 335 938 697 155 894 91 427 958 637 415 103 379 40
756 383 518 527 339 646 656 307 856 90 246 273 609 427 0 331 463 118 52 492 401 23 829 881 826 274 184 96 262 49 72 724 162 615 972 289 781 506 349 523 227 903 31 959 549 814 833 553 644 267 108 88 905 449 504 131 29 203 29 166 440 918 42 316 206 881 89 789 337 654 223 782 238 864 979 845 78 26 506 732 102 384 642 889 329 905 226 16 55 866 655 741 219 332 106 143 510 288 488 737 407 967 190 69 327 711 196 610 797 252 858 824 696 308 26 209 976 183 880 444 929 627 18 447 769 832 629 685 917 217 940 531 277 723 209 622 490 602 409 194 376 849 59 676 892 212 993 245 565 127 77 594 284 222 783 903 307 981 616 459 209 895 886 444 32 693 930 136 994 275 734 665 934 898 136 878 691 926 184 56 183 166 104 582 785 619 663 142 901 574 290 645 176 418 260 882 438 85 450 952 690 443 101 780 764 977 519 29 841 588 314 212 663 319 694 222 12 402 566 172 742 254 172 544 807 946 626 830 427 589 823 387 915 656 707 162 117 246 903 971 641 403 687 870 109 522 376 312 801 275 384 255 485 948 148 616
158 569 989 485 260 706 878 735 895 805 330 414 631 244 331 0 77 196 776 37 598 739 30 15 162 87 310 765 953 789 68 153 859 162 51 84 279 454 339 176 925 730 957 403 450 554 56 124 97 669 876 376 736 537 209 553 700 152 32 412 611 107 373 69 236 488 975 415 605 76 871 764 758 926 534 146 923 207 812 577 581 830 386 915 909 849 643 579 657 243 288 925 958 140 281 974 59 581 206 163 713 208 886 558 736 315 995 743 489 424 171 145 699 964 234 878 430 241 944 473 362 542 42 82 211 569 839 59 953 813 368 682 18 804 808 357 582 367 444 932 49 485 998 439 741 856 565 341 678 545 633 35 455 724 234 710 954 668 779 341 366 863 590 815 584 617 331 173 821 714 574 38 797 513 775 265 516 208 169 96 969 429 680 703 16 186 363 940 463 126 381 969 620 549 628 572 713 798 906 559 292 410 491 734 827 309 363 850 617 349 221 391 850 15 250 834 576 364 876 260 455 163 957 796 660 147 865 149 823 812 641 105 501 57 572 97 431 815 126 658 598 599 902 936 441 546 401 28 49 695 320 810 934 551 687 346
869 497 639 506 127 583 663 962 780 283 247 680 205 682 463 77 0 639 657 469 369 436 338 189 141 795 454 789 739 995 118 375 570 71 845 456 254 250 321 399 526 966 155 665 727 306 876 40 575 908 302 629 135 607 765 859 469 37 407 718 746 47 783 577 719 437 584 836 279 691 103 481 504 856 57 551 739 653 909 676 484 494 168 660 415 955 684 831 891 179 973 596 153 231 956 969 814 182 735 71 848 791 778 969 655 162 853 181 818 636 664 239 899 969 969 859 532 811 730 526 308 284 25 546 198 1000 444 136 381 780 890 292 315 312 998 508 803 90 19 734 729 590 13 132 159 98 111 476 781 114 135 692 444 752 45 798 861 372 419 203 11 584 191 204 39 673 68 602 217 507 814 460 94 841 124 563 593 523 261 133 233 471 668 423 762 999 67 172 609 801 936 623 792 673 620 838 10 986 835 620 747 133 14 817 279 585 117 382 569 111 657 627 502 226 467 403 182 453 415 555 531 516 526 624 88 434 696 141 324 956 163 150 600 653 317 768 105 441 253 880 915 150 689 427 433 516 561 409 368 235 870 259 193 267 937 158
542 431 521 299 20 134 396 650 934 445 671 718 375 404 118 196 639 0 303 307 167 854 399 511 202 850 834 581 746 979 458 907 342 890 841 772 337 313 766 12 308 285 433 273 217 828 142 817 720 814 727 717 871 613 582 696 679 812 386 304 95 575 589 391 121 199 778 547 190 275 197 814 550 50 452 621 171 162 104 173 496 635 126 980 489 833 378 598 632 12 582 757 362 452 577 353 939 958 502 553 414 321 617 672 241 295 621 166 473 495 917 151 361 70 433 574 731 304 782 76 593 613 593 373 591 63 24 621 614 629 835 542 890 189 274 70 557 761 786 907 271 961 30 697 265 867 566 882 487 418 971 342 522 219 291 879 158 32 811 832 779 829 317 597 950 425 953 347 855 486 403 76 893 946 581 296 754 121 601 25 951 205 772 191 497 296 547 474 505 360 523 794 287 694 543 888 273 323 707 663 657 390 488 943 670 532 429 704 353 71 752 928 748 294 579 839 545 147 10 493 49 128 52 393 969 243 98 221 686 12 658 233 518 457 381 343 124 260 887 746 139 232 321 38 318 378 779 800 957 535 208 269 516 959 316 659
626 854 756 21 614 701 702 592 174 416 886 880 680 265 52 776 657 303 0 991 805 494 756 945 714 321 794 910 69 553 826 628 836 875 90 246 805 168 188 616 781 331 699 38 273 73 433 295 264 16 771 735 499 381 979 782 402 991 507 52 894 391 1000 197 43 22 691 310 566 300 612 292 720 400 930 17 685 913 921 291 197 265 226 950 421 823 499 573 885 616 254 201 411 839 351 769 360 618 115 263 711 895 53 644 977 594 747 784 306 940 895 21 427 368 443 474 757 446 505 453 998 969 707 256 113 801 591 63 728 871 352 402 687 244 535 493 263 131 909 414 104 746 351 35 889 934 672 729 879 98 223 863 196 829 447 181 521 768 465 624 165 111 165 831 903 641 467 86 256 507 500 521 323 585 66 889 189 559 715 537 987 773 898 10 335 777 810 534 924 273 496 124 706 207 40 696 516 504 628 609 964 857 701 164 998 540 887 392 635 878 608 727 164 894 934 962 476 265 75 371 726 820 45 154 940 87 613 883 880 689 142 85 322 915 752 982 178 271 941 947 574 382 78 355 635 441 151 144 320 846 270 764 560 202 988 385
389 402 166 77 679 71 462 713 206 561 937 413 459 911 492 37 469 307 991 0 117 63 298 689 688 134 977 151 188 523 837 344 767 448 379 466 495 533 885 878 751 886 93 71 189 637 353 39 50 12 459 485 924 773 725 180 345 625 868 888 822 82 468 317 596 822 536 502 638 157 556 885 309 413 122 209 855 833 795 419 83 777 666 274 269 710 143 276 913 715 332 424 301 669 925 495 688 625 734 336 17 303 117 164 416 641 67 780 763 983 548 606 325 887 1000 316 357 147 516 170 872 489 846 871 706 771 208 447 583 360 472 588 903 455 446 327 885 206 624 142 666 609 72 247 604 588 973 925 948 934 642 681 813 265 756 511 490 477 596 896 71 623 41 614 400 839 141 863 468 386 698 383 814 289 902 672 576 738 869 222 332 675 460 193 661 48 950 367 171 495 797 886 811 647 922 593 232 593 772 571 232 808 140 315 563 344 810 125 637 264 516 523 543 836 787 245 858 380 900 561 961 641 976 538 234 245 750 605 625 116 26 785 237 250 687 560 250 680 553 226 592 305 369 178 953 976 64 713 623 128 842 987 807 532 366 55
477 74 731 187 225 289 718 159 267 100 338 225 195 911 401 598 369 167 805 117 0 351 525 622 533 178 495 305 486 669 30 870 921 750 689 182 178 775 674 228 295 650 235 442 893 677 713 528 899 808 682 840 931 934 667 184 593 955 197 822 290 350 926 30 157 848 989 634 756 351 711 883 64 927 375 10 215 294 989 686 362 536 340 861 412 556 184 437 607 437 313 161 686 470 567 253 874 427 374 112 497 994 622 57 812 619 81 500 808 453 43 514 671 752 777 885 986 57 122 14 338 561 764 255 298 916 912 22 99 730 120 427 142 108 873 414 483 678 322 253 386 851 779 276 627 599 674 343 893 173 162 542 949 972 674 39 559 701 541 95 835 579 610 847 33 931 279 314 414 970 622 399 122 337 929 662 533 97 39 301 212 709 456 567 449 438 238 84 33 909 181 564 923 908 454 701 132 718 111 472 430 590 474 68 819 258 623 35 817 281 949 791 447 197 235 19 373 844 334 755 115 267 887 513 760 401 749 80 449 796 11 972 333 142 739 281 100 293 960 728 443 996 266 20 290 696 696 464 78 994 951 357 849 484 696 410
425 229 940 397 521 691 41 49 413 663 134 712 654 678 23 739 436 854 494 63 351 0 435 979 403 32 165 747 949 332 911 547 798 65 60 48 149 400 200 188 393 169 337 817 514 847 520 889 715 399 722 907 709 983 886 178 606 652 273 670 881 599 440 770 1000 482 772 292 31 849 520 694 104 184 838 314 144 37 465 724 918 223 17 231 142 357 148 75 513 667 664 674 695 499 798 639 665 267 475 366 993 813 135 295 922 890 126 924 752 678 645 707 740 567 728 288 53 469 610 117 76 580 762 16 55 287 286 376 544 570 657 993 155 388 371 910 906 438 123 410 501 426 240 666 500 484 125 346 974 230 568 704 54 63 726 212 364 608 188 541 501 796 202 884 67 51 761 217 267 875 664 692 285 670 686 535 268 903 930 62 515 855 557 813 762 891 102 499 526 721 886 915 995 180 203 949 524 546 945 529 103 19 382 87 520 518 310 686 959 858 491 105 510 753 780 492 733 392 859 405 383 866 746 158 598 135 89 568 921 58 217 371 138 790 275 866 695 354 663 997 170 610 257 900 390 39 494 378 280 498 939 392 819 652 873 711
574 57 63 732 260 801 426 813 513 906 889 539 192 345 829 30 338 399 756 298 525 435 0 647 145 273 450 622 937 290 973 562 153 855 672 135 70 225 434 304 162 93 632 483 427 612 350 653 807 56 598 503 583 992 414 386 383 167 53 448 42 528 466 785 902 964 841 105 544 422 666 231 682 842 202 141 704 136 616 915 152 400 729 101 488 765 479 72 418 465 53 616 448 949 209 959 526 413 979 122 872 877 934 920 586 333 868 365 656 103 144 220 32 566 820 880 514 300 931 975 295 211 942 170 218 478 443 972 459 427 275 227 621 837 942 799 892 121 807 653 529 906 118 197 838 618 305 94 69 636 311 982 924 822 518 654 588 559 675 790 575 231 85 186 81 960 509 539 934 51 310 283 370 175 748 81 749 377 861 177 72 583 875 360 588 517 378 738 818 220 544 45 884 374 976 48 694 21 376 140 858 862 474 929 993 596 327 837 241 562 816 797 933 994 305 835 547 337 448 275 997 546 335 232 386 815 989 974 356 360 22 617 839 413 117 531 547 726 390 204 538 801 48 414 820 89 967 835 597 836 370 890 763 169 128 885
769 636 557 308 951 692 728 143 1000 157 419 287 231 120 881 15 189 511 945 689 622 979 647 0 286 397 555 229 371 758 846 495 962 435 785 215 899 137 850 699 277 742 846 965 782 669 313 978 205 779 764 330 815 747 574 609 368 448 882 821 828 723 791 196 880 372 742 865 272 857 393 31 835 734 817 346 420 250 335 54 173 296 979 924 207 467 201 998 175 587 360 72 818 889 834 148 202 294 20 471 551 413 696 499 214 432 139 539 236 717 761 314 261 787 630 363 104 371 960 261 23 880 801 704 802 870 888 329 67 362 435 969 950 263 629 137 960 667 144 316 444 712 809 945 321 854 18 379 520 168 592 731 786 520 393 278 239 449 804 398 112 775 848 323 832 586 637 82 944 92 74 37 495 410 310 341 65 647 550 773 746 894 28 543 96 693 511 211 670 96 354 526 176 735 228 367 503 260 54 860 391 116 380 694 623 587 147 813 892 301 204 949 420 448 676 801 260 462 350 283 436 286 520 220 280 575 397 712 549 292 921 159 665 620 970 208 994 332 235 989 271 796 659 814 96 721 529 813 241 653 668 270 291 106 778 15
737 150 481 208 968 537 941 749 50 652 445 265 542 133 826 162 141 202 714 688 533 403 145 286 0 835 486 787 435 557 439 217 401 997 369 322 300 563 617 91 549 820 183 867 385 206 459 619 925 13 796 85 962 555 132 125 234 344 267 420 374 942 102 298 765 186 157 235 280 278 989 561 683 977 432 185 34 529 380 760 686 475 796 674 318 866 582 618 157 388 911 46 713 179 185 560 102 924 15 351 968 888 447 488 591 417 408 45 31 295 725 942 247 428 818 541 394 757 175 707 522 110 13 926 889 823 738 317 231 968 225 648 53 419 16 405 593 615 299 10 319 38 83 157 680 978 331 193 773 722 356 476 431 137 400 564 245 390 834 622 240 143 47 711 396 361 909 972 668 899 133 183 320 549 627 637 379 979 389 694 378 189 956 620 970 982 966 804 703 979 79 976 297 868 758 465 946 383 233 140 379 356 726 602 443 850 427 785 39 562 554 960 544 54 73 710 602 990 21 39 750 741 716 73 614 601 909 152 417 148 396 906 535 579 432 871 291 650 274 980 837 764 761 22 728 365 501 45 227 733 179 144 36 185 256 177
482 938 168 675 627 312 108 657 649 326 674 878 660 465 274 87 795 850 321 134 178 32 273 397 835 0 846 876 743 842 804 706 391 167 28 220 357 976 818 594 434 725 942 193 957 73 127 508 501 478 102 318 183 716 797 973 236 271 17 231 483 75 371 421 967 401 264 957 172 842 571 675 582 815 819 122 655 209 329 616 978 808 863 955 943 711 969 423 844 965 811 198 258 16 508 405 468 165 540 566 892 710 317 506 241 703 387 985 667 765 361 936 312 686 993 896 851 211 241 562 998 480 205 395 647 592 404 97 434 82 776 433 779 939 230 605 162 763 343 49 598 52 708 359 287 523 144 65 694 387 418 690 471 732 287 948 22 288 753 960 326 746 718 377 455 823 834 101 57 556 366 34 119 121 352 343 494 78 132 245 699 443 576 127 497 79 43 780 252 453 525 588 186 993 38 814 436 634 205 628 760 24 209 26 966 924 619 688 349 83 695 754 478 477 491 417 645 515 26 884 380 158 655 902 309 859 641 673 304 476 188 132 212 795 549 487 158 239 766 714 368 602 949 962 62 192 102 72 619 806 291 409 254 861 788 876
619 720 383 593 349 187 720 949 885 354 493 890 118 316 184 310 454 834 794 977 495 165 450 555 486 846 0 430 690 174 476 978 589 95 760 358 282 64 386 929 964 408 357 726 380 991 97 892 756 262 521 76 828 827 265 787 929 879 128 377 675 452 821 659 739 385 813 964 129 497 930 228 666 688 184 219 258 650 180 574 652 209 990 181 785 719 419 174 476 101 12 311 68 500 822 999 44 386 91 800 966 369 871 905 241 406 942 866 313 59 818 684 946 205 200 906 122 750 40 315 782 502 835 477 629 783 430 846 633 408 478 191 486 12 897 625 466 628 893 587 106 37 428 320 932 777 464 882 564 807 55 470 32 810 542 276 66 577 661 313 567 617 602 828 75 994 389 252 283 329 147 312 753 402 49 541 928 230 747 137 975 835 56 867 35 381 971 674 188 911 703 226 154 642 857 270 534 543 381 733 657 104 710 513 521 865 151 969 67 918 988 296 786 614 59 49 984 962 787 426 538 805 258 866 640 632 274 247 994 308 760 706 525 989 421 309 48 430 279 93 901 318 830 393 772 985 871 591 148 149 477 215 980 665 668 267
662 250 281 168 23 517 551 634 45 422 229 213 60 560 96 765 789 581 910 151 305 747 622 229 787 876 430 0 186 267 782 124 760 641 623 265 748 781 458 871 901 235 236 601 931 25 209 69 837 468 843 145 897 462 261 518 611 87 27 254 119 603 580 749 208 544 776 593 79 72 550 735 534 982 369 588 483 628 50 283 430 332 921 880 529 275 308 264 105 895 123 56 573 971 113 859 918 866 517 780 792 274 364 878 299 721 880 189 732 819 13 46 701 113 236 279 961 885 571 484 451 814 285 938 827 693 122 737 350 559 957 648 434 681 195 854 997 614 311 399 442 661 946 799 482 602 405 159 372 922 459 838 765 502 825 276 355 474 760 669 635 519 378 10 27 864 35 404 243 373 24 937 807 614 185 693 603 592 751 909 988 582 108 306 475 228 136 848 159 743 173 637 257 528 707 319 187 549 28 714 753 739 305 308 499 1000 953 849 660 222 559 95 488 922 69 157 932 389 782 698 348 523 677 54 454 282 829 342 307 986 503 284 463 759 683 576 682 730 436 522 706 776 291 107 626 228 584 605 831 144 291 831 793 490 780 803
193 920 947 748 379 695 983 382 131 142 165 638 820 998 262 953 739 746 69 188 486 949 937 371 435 743 690 186 0 794 232 832 781 435 397 435 254 950 518 75 638 118 871 943 585 94 411 789 209 943 651 984 660 257 885 133 586 145 944 396 991 354 361 460 441 620 801 813 809 236 771 155 485 570 608 579 45 236 379 941 824 64 619 453 924 906 975 925 695 74 756 688 762 498 605 696 792 574 922 638 592 892 786 210 589 774 466 317 952 276 810 663 467 249 448 305 769 771 138 978 216 837 263 513 80 382 657 411 389 611 651 567 106 585 331 657 732 295 626 213 664 68 664 552 999 239 435 375 254 439 469 717 473 560 611 68 73 541 787 161 206 946 172 640 79 416 678 518 515 251 472 758 614 169 980 525 372 751 549 152 388 247 61 587 24 684 782 810 573 291 587 169 714 271 519 183 27 119 666 889 144 900 168 385 297 829 252 593 94 191 152 265 50 78 660 802 356 326 913 84 370 796 42 250 697 752 709 834 184 981 132 743 180 920 753 763 44 471 916 584 221 584 387 185 684 465 847 97 614 735 289 993 292 679 211 746
238 473 814 171 407 221 445 797 315 105 990 194 894 943 49 789 995 979 553 523 669 332 290 758 557 842 174 267 794 0 713 527 832 406 827 364 883 943 675 143 973 501 721 550 992 485 316 992 230 310 95 768 967 324 715 327 306 410 907 947 140 476 630 135 380 950 33 523 588 944 809 57 131 702 198 575 243 675 468 306 401 734 264 860 943 200 846 381 927 405 116 528 652 242 677 664 720 749 227 291 467 719 154 401 358 289 354 588 210 399 657 502 352 425 306 11 886 520 972 171 350 466 282 605 37 827 20 700 688 396 424 971 575 935 611 885 429 629 131 933 639 11 43 273 754 841 609 826 128 660 377 38 694 753 462 424 886 388 184 957 241 92 284 636 678 963 348 119 696 93 264 699 937 896 386 119 482 134 495 443 950 33 259 226 705 266 925 973 844 190 324 282 535 979 107 573 981 936 568 581 969 890 946 804 319 308 444 701 432 62 248 206 323 935 187 896 378 453 243 373 306 260 333 244 404 447 85 919 211 137 958 851 186 944 175 435 819 634 732 711 455 597 395 47 103 837 186 298 759 477 45 531 380 42 599 179
451 171 393 571 847 906 177 889 979 737 254 160 188 629 72 68 118 458 826 837 30 911 973 846 439 804 476 782 232 713 0 531 695 488 565 549 195 526 58 996 294 153 806 192 605 808 751 739 923 886 153 17 866 948 58 113 24 136 191 708 647 446 696 179 208 613 565 672 276 407 251 622 697 375 855 894 24 587 29 823 215 381 613 381 546 559 411 964 844 351 632 831 526 391 693 717 25 996 101 661 469 640 483 664 188 237 679 639 275 59 125 267 574 869 820 644 843 960 583 772 414 260 656 98 250 48 613 512 255 681 31 91 451 443 432 109 579 339 602 596 514 281 689 14 915 249 463 266 675 88 87 230 938 423 873 116 422 910 933 699 155 263 471 903 733 857 812 346 650 708 494 593 176 550 320 234 10 594 602 764 758 224 322 322 430 524 284 231 955 585 788 639 600 731 20 643 51 427 683 531 340 59 438 583 312 742 447 197 984 691 778 813 440 838 280 375 564 836 606 187 830 152 40 936 157 266 593 368 549 703 49 14 850 636 152 469 232 629 972 964 808 467 255 510 725 773 485 473 897 437 808 760 245 603 981 811
95 317 119 167 775 448 538 854 306 652 831 932 259 408 724 153 375 907 628 344 870 547 562 495 217 706 978 124 832 527 531 0 239 265 282 270 664 389 963 359 189 946 723 143 140 485 683 955 738 436 602 883 833 84 643 510 429 778 239 861 970 893 359 279 150 452 929 30 306 961 778 166 796 460 171 74 740 497 620 179 529 128 522 663 989 988 468 689 1000 968 413 658 591 485 428 353 33 243 24 689 158 562 367 831 879 553 202 907 427 209 960 959 448 511 130 690 368 422 565 30 770 821 225 900 600 613 655 454 897 776 519 829 720 691 566 222 592 55 327 934 65 913 227 588 721 88 634 824 235 951 505 580 773 466 156 154 518 770 342 653 614 900 410 946 986 57 207 411 513 742 652 441 810 709 474 141 644 694 543 807 641 506 476 549 913 214 967 458 936 969 29 575 234 987 481 389 738 817 539 212 332 610 983 954 476 327 973 289 683 556 703 580 823 236 70 349 139 949 857 228 502 379 562 468 468 339 289 67 717 591 358 345 927 21 351 414 336 475 827 668 836 742 275 474 841 114 15 883 427 279 388 399 709 170 379 853
728 764 287 363 568 63 867 974 175 111 423 245 995 941 162 859 570 342 836 767 921 798 153 962 401 391 589 760 781 832 695 239 0 415 977 58 706 225 149 138 847 255 180 740 407 883 944 385 658 630 229 23 449 747 866 836 838 971 770 920 553 850 12 183 354 373 199 983 498 330 58 332 921 933 531 760 708 858 821 47 494 467 148 511 81 90 811 675 451 16 513 991 101 907 917 891 887 223 38 333 656 550 590 304 553 946 203 106 558 401 704 974 576 117 418 184 397 248 412 373 990 514 790 638 734 566 974 96 598 70 990 90 309 871 318 846 194 159 628 996 635 768 494 213 274 143 776 318 198 638 365 225 553 35 319 662 640 812 661 40 962 464 717 145 999 994 637 511 599 733 841 163 371 347 137 796 842 233 165 110 233 514 336 312 123 291 702 508 272 693 577 736 396 121 110 462 517 29 818 715 340 946 165 745 394 155 23 401 946 710 536 644 157 94 638 313 167 289 777 725 308 390 681 903 76 218 496 585 377 679 475 696 162 151 664 588 439 589 52 223 503 153 757 552 46 665 763 194 272 867 923 15 83 857 536 777
681 493 816 627 21 455 913 778 297 431 742 632 52 916 615 162 71 890 875 448 750 65 855 435 997 167 95 641 435 406 488 265 415 0 684 249 923 885 313 302 734 164 944 165 350 258 596 886 319 717 237 300 562 809 111 629 322 721 965 947 34 332 57 315 271 743 827 893 530 152 805 870 795 590 423 501 383 412 948 396 867 374 980 53 347 882 887 895 186 98 954 323 681 694 257 362 940 152 500 180 720 163 916 279 131 65 804 595 728 831 808 823 754 208 770 343 966 451 537 677 362 888 641 270 543 577 246 490 915 616 899 477 73 574 297 913 232 140 244 122 56 384 144 677 605 780 17 105 25 605 87 565 907 277 111 205 321 71 40 286 944 950 906 69 726 692 180 897 429 467 92 21 443 274 59 461 321 729 180 726 503 191 892 140 149 860 426 879 930 901 737 480 283 141 641 868 807 639 306 657 443 891 53 744 767 975 135 912 319 626 552 33 355 358 692 801 876 297 298 804 11 795 285 751 901 407 64 650 926 990 741 330 410 760 583 165 663 428 815 594 651 524 919 214 693 748 938 943 893 240 677 739 639 109 303 391
376 680 251 283 238 905 386 367 269 426 327 534 42 639 972 51 845 841 90 379 689 60 672 785 369 28 760 623 397 827 565 282 977 684 0 41 205 680 647 148 731 807 543 426 670 717 330 403 871 482 133 806 830 407 151 172 947 540 255 12 192 710 839 162 672 613 405 287 988 888 824 695 903 539 514 244 61 631 403 756 377 690 312 595 741 113 218 609 156 745 775 488 328 626 610 161 954 104 649 398 175 507 589 592 770 859 370 294 875 619 183 984 876 605 872 427 959 698 41 291 891 410 571 207 396 939 695 528 450 595 845 342 749 882 202 995 318 643 831 158 544 726 33 237 370 935 746 700 620 872 415 333 769 787 21 384 382 338 367 867 357 594 126 158 23 262 950 585 644 592 838 356 10 807 747 890 272 786 369 324 61 740 584 772 272 316 393 973 542 376 820 233 556 17 975 603 236 508 736 497 708 754 112 963 23 776 414 437 945 726 857 198 238 816 795 659 478 14 471 407 984 161 172 356 115 41 719 163 327 585 712 568 170 47 538 235 100 748 435 455 964 805 169 63 385 735 997 344 736 310 543 835 385 941 338 157
418 504 657 33 538 889 447 174 822 234 402 314 581 487 289 84 456 772 246 466 182 48 135 215 322 220 358 265 435 364 549 270 58 249 41 0 419 295 679 420 650 458 292 521 97 748 130 421 385 423 890 810 21 587 508 314 567 302 266 589 981 432 300 131 455 46 666 301 244 269 552 579 389 224 987 882 587 310 548 261 796 346 917 457 998 237 328 84 392 923 160 796 765 17 779 380 965 890 91 693 199 382 196 255 727 979 162 1000 246 754 700 592 70 108 289 568 636 642 168 992 698 606 956 690 606 370 136 878 644 966 631 182 330 521 46 193 307 64 236 220 409 104 765 563 41 94 932 315 914 56 611 461 963 485 398 364 906 111 626 879 232 819 997 677 167 57 757 74 839 700 108 227 908 297 749 851 17 343 732 878 716 224 483 795 428 560 572 964 821 481 445 691 781 206 469 236 190 17 703 281 604 288 786 845 666 997 631 801 504 401 33 378 831 958 232 558 571 632 935 66 176 349 552 903 802 343 700 841 929 437 452 359 87 189 583 297 184 473 36 148 768 798 846 927 403 702 748 733 490 219 121 30 273 788 509 770
112 204 641 40 831 41 189 935 264 137 750 88 876 153 781 279 254 337 805 495 178 149 70 899 300 357 282 748 254 883 195 664 706 923 205 419 0 89 360 94 286 150 282 762 988 268 548 10 209 83 207 83 459 98 281 123 41 961 46 344 391 492 296 984 79 384 221 116 888 245 685 672 88 774 909 134 127 890 285 334 399 482 946 563 867 279 808 982 591 47 790 95 214 680 945 455 970 972 805 765 216 191 622 827 637 47 470 646 219 659 912 391 483 494 697 384 363 566 173 642 848 637 947 716 728 202 999 20 987 783 487 65 484 193 853 418 43 974 821 676 164 215 549 320 746 905 605 382 408 956 393 153 50 697 818 947 693 971 706 710 523 413 85 888 591 239 512 970 36 678 292 905 975 681 276 756 842 441 185 1000 541 994 78 560 440 467 550 388 438 928 711 730 67 200 834 370 381 334 900 936 786 137 89 778 323 754 880 354 765 430 749 735 190 304 343 324 974 166 808 761 186 704 620 72 506 39 141 79 170 74 237 480 841 145 808 929 810 156 77 149 357 991 838 694 488 763 663 685 354 495 263 575 903 726 185 992
708 578 883 157 407 592 41 934 478 828 995 792 117 932 506 454 250 313 168 533 775 400 225 137 563 976 64 781 950 943 526 389 225 885 680 295 89 0 848 39 989 745 888 564 493 703 825 724 45 652 1000 856 883 486 584 656 42 496 190 812 358 384 394 726 908 781 991 972 677 674 98 738 758 542 255 453 715 529 524 20 490 773 911 196 823 681 181 663 85 695 619 575 561 210 395 32 486 929 377 318 90 351 817 658 700 235 520 978 343 650 797 64 32 727 142 337 861 773 347 159 768 864 603 856 364 698 279 134 699 773 681 648 527 462 567 889 667 549 322 494 352 485 629 707 296 254 234 401 100 215 53 516 307 468 346 913 849 451 940 808 799 815 845 706 314 731 73 223 688 804 978 241 687 363 880 854 256 952 877 966 282 10 414 101 909 586 39 474 186 150 667 732 384 657 298 856 32 738 103 413 487 449 725 149 693 853 559 223 161 820 440 648 420 517 580 952 210 594 907 264 65 892 558 620 405 52 856 715 229 668 922 175 905 820 869 528 770 783 743 543 676 296 778 78 454 872 293 469 59 204 738 432 987 675 113 890
409 635 823 810 220 143 711 17 40 65 102 740 143 286 349 339 321 766 188 885 674 200 434 850 617 818 386 458 518 675 58 963 149 313 647 679 360 848 0 583 587 911 819 486 742 808 727 598 941 970 792 620 163 638 485 259 140 349 522 576 133 916 23 844 65 567 765 385 721 251 46 27 591 640 960 62 524 658 952 153 174 354 817 832 545 898 600 454 872 510 892 240 963 912 291 922 247 161 489 371 35 505 171 884 227 948 100 626 124 444 514 269 627 453 922 312 257 592 533 446 335 733 747 28 351 760 468 399 383 579 353 802 761 626 733 661 627 109 22 660 300 434 818 524 138 298 347 42 519 393 299 348 940 147 572 866 63 582 274 298 628 231 36 927 228 565 929 388 333 667 162 844 809 801 692 113 660 949 627 596 523 60 232 530 697 319 585 502 310 500 225 983 775 32 139 919 136 124 923 207 441 686 406 803 131 880 412 170 708 149 304 573 865 40 231 641 288 934 596 312 540 419 137 787 260 42 755 167 997 231 391 649 841 75 453 348 377 826 460 947 209 167 159 538 906 703 757 25 928 453 565 137 48 501 235 535
359 11 258 208 36 901 799 863 57 89 235 835 917 765 523 176 399 12 616 878 228 188 304 699 91 594 929 871 75 143 996 359 138 302 148 420 94 39 583 0 528 244 109 964 634 932 158 890 250 915 905 637 990 694 823 378 667 542 309 285 147 893 515 263 227 839 668 398 934 897 570 933 24 749 437 33 162 379 834 12 653 85 882 496 815 344 537 949 394 351 295 342 789 668 882 422 274 363 870 57 667 878 50 708 64 960 258 26 540 118 544 992 383 851 852 406 417 526 225 187 159 27 862 740 862 693 971 987 392 476 378 923 686 14 331 166 394 821 854 340 21 624 272 94 127 385 371 92 584 951 786 87 370 428 687 322 885 315 479 81 461 112 915 731 505 638 360 18 747 27 943 685 275 364 179 857 143 889 52 443 501 528 190 500 109 304 10 413 637 743 468 318 947 848 329 365 159 387 691 757 482 894 433 681 486 80 200 70 189 202 19 293 868 847 385 101 553 902 927 539 671 139 401 53 284 146 246 173 580 277 862 681 848 637 393 648 583 975 542 722 431 504 155 550 784 724 51 647 188 68 520 275 379 398 961 213
