248
0 679 533 757 268 354 553 736 910 637 211 205 471 946 977 495 785 566 784 791 969 388 138 179 376 74 755 97 60 263 390 692 244 938 223 682 810 944 483 316 908 767 623 12 812 899 921 624 726 237 415 336 457 593 864 99 931 391 28 572 854 288 49 382 27 117 324 790 853 316 606 191 552 454 651 662 43 972 771 36 884 578 525 320 442 465 378 523 934 104 28 487 608 146 725 56 154 358 933 143 283 290 409 175 703 926 473 251 597 966 713 666 737 673 672 170 169 749 897 885 193 438 839 359 290 69 660 412 669 713 875 81 332 576 922 738 685 43 262 541 658 397 147 160 574 822 37 483 104 100 701 389 475 982 349 19 778 385 670 959 658 984 732 571 608 357 55 368 956 285 703 227 740 972 415 860 348 400 464 63 653 32 261 681 133 646 306 132 982 874 362 552 840 402 443 981 979 291 530 154 625 564 241 312 522 582 165 639 19 529 748 65 908 59 322 203 481 319 601 86 560 650 597 578 122 452 538 395 218 130 875 360 966 630 692 338 205 571 577 982 12 240 905 128 279 715 35 575
679 0 992 751 285 804 920 120 177 42 775 741 141 990 492 697 375 757 385 782 828 812 546 924 304 494 656 275 859 345 879 787 104 611 182 504 270 667 247 163 437 163 923 289 198 874 892 672 851 559 870 400 879 684 570 284 532 503 681 968 555 257 599 547 343 127 723 456 455 212 685 486 28 542 60 287 818 34 327 783 923 915 351 944 845 655 657 591 805 510 853 135 514 880 929 982 640 790 695 940 195 424 807 137 516 664 545 860 499 587 771 109 245 220 230 234 167 629 961 406 629 664 88 785 951 81 120 41 668 924 575 578 239 564 30 518 689 832 988 727 74 595 187 337 464 388 75 86 592 653 391 337 127 909 48 43 962 107 857 63 917 30 151 385 724 156 661 636 315 348 564 626 686 751 920 724 877 419 721 921 173 685 448 940 973 505 830 475 799 634 602 615 219 505 958 526 423 292 114 433 655 83 963 635 468 635 373 685 310 280 357 949 867 475 503 329 38 620 288 784 268 546 833 751 849 366 551 367 626 376 891 833 688 711 444 217 259 710 132 47 146 116 412 582 325 29 600 393
533 992 0 81 933 231 365 469 168 336 500 240 912 220 734 896 885 116 719 831 528 38 179 901 364 840 13 162 426 543 193 901 690 75 797 573 58 933 280 341 427 214 940 231 672 33 471 214 235 994 597 445 313 502 586 733 711 389 45 337 866 754 789 59 471 901 275 737 541 842 739 435 303 461 899 736 579 382 279 633 609 466 908 22 53 133 162 726 117 327 916 589 867 470 884 831 365 496 625 27 394 448 293 767 531 277 84 683 342 364 288 670 980 653 660 507 546 829 271 924 570 669 843 83 839 87 723 308 841 883 77 703 231 494 278 111 178 125 811 177 724 639 426 549 582 510 557 907 704 590 142 767 577 216 649 372 250 801 703 371 676 446 96 739 565 419 122 625 280 818 477 993 558 115 481 202 526 779 587 428 425 744 289 839 939 455 608 778 143 261 566 368 795 906 230 887 548 548 74 336 485 88 566 381 899 131 522 380 953 114 533 634 812 611 679 324 984 652 903 126 449 151 763 211 232 713 948 650 646 262 79 503 368 179 381 53 886 273 66 283 654 895 549 965 402 996 349 187
757 751 81 0 784 132 771 927 845 216 918 150 495 256 792 916 337 584 431 837 148 559 622 503 651 89 762 311 977 312 265 157 476 974 505 441 811 568 819 77 642 793 684 347 978 398 218 630 299 714 322 247 411 222 352 932 72 10 642 176 748 601 866 345 790 627 556 537 676 155 938 373 106 553 725 254 22 763 550 208 580 787 778 925 97 481 602 557 131 455 846 462 511 466 535 23 613 56 718 287 39 436 646 122 182 659 841 345 96 568 605 32 710 70 831 999 661 934 534 620 867 203 597 622 259 632 677 1000 733 803 896 694 271 818 730 133 782 18 625 463 595 545 347 464 631 694 888 842 21 655 213 20 701 930 917 754 589 685 35 720 30 340 364 413 202 50 76 373 993 868 907 915 720 192 92 169 549 296 699 32 428 147 236 445 618 414 521 366 175 752 771 162 384 503 922 227 996 833 494 853 231 408 565 838 326 859 671 551 840 221 718 231 937 214 667 816 205 802 855 707 190 380 923 362 817 139 237 557 741 842 743 151 159 438 692 813 589 812 407 413 82 80 557 792 379 623 428 777
268 285 933 784 0 108 798 919 503 919 684 520 371 616 592 779 642 638 437 82 283 527 810 345 898 438 26 130 856 375 711 915 38 29 618 201 372 339 117 98 502 147 478 122 924 473 325 30 266 260 500 573 301 98 557 998 930 661 655 328 318 840 995 946 898 418 958 518 601 370 961 745 774 547 499 593 22 333 122 829 196 441 859 380 256 784 48 686 511 596 579 564 243 351 18 986 792 19 746 32 710 266 152 804 773 307 475 113 28 669 530 204 651 938 139 363 28 534 776 723 862 545 256 463 43 738 181 161 202 176 917 295 34 946 458 738 835 167 108 683 42 786 320 89 511 553 728 825 891 31 345 392 811 396 573 822 326 696 627 514 462 415 290 64 470 154 213 570 989 403 52 988 246 766 99 949 642 948 942 875 657 655 305 297 762 232 399 902 547 823 871 301 896 525 890 839 267 949 772 835 510 97 62 700 820 367 744 591 735 190 147 467 523 305 612 29 735 609 145 459 785 714 22 289 429 216 615 98 465 923 535 753 549 501 784 619 930 205 639 250 903 482 503 920 365 800 107 815
354 804 231 132 108 0 995 446 401 337 691 101 575 106 120 372 446 651 317 738 66 493 301 12 353 417 369 988 285 264 729 216 570 234 154 723 352 808 139 404 332 662 24 46 422 171 303 983 521 346 757 484 590 697 119 241 333 328 138 726 51 567 634 291 443 129 252 681 426 550 266 758 523 718 922 900 119 726 228 71 339 823 699 281 660 539 245 697 785 211 350 25 168 757 922 182 607 465 284 213 758 77 537 924 924 145 479 799 308 846 744 783 998 68 383 187 506 435 836 926 283 385 912 706 397 581 766 722 605 67 908 467 301 799 763 612 807 518 304 512 233 916 77 493 962 287 612 474 377 102 938 32 161 213 461 895 816 605 27 972 597 463 641 638 722 95 399 957 76 377 693 328 941 136 709 753 132 444 526 712 296 302 21 19 698 453 893 475 167 398 640 815 248 596 446 482 893 572 425 642 659 80 219 753 569 151 444 901 119 762 288 369 515 92 328 860 383 351 199 707 335 446 121 220 976 472 48 660 874 444 707 950 690 527 552 830 821 484 398 956 671 149 598 851 254 335 540 409
553 920 365 771 798 995 0 328 840 256 783 879 254 192 756 908 662 986 107 818 978 322 178 706 783 820 659 725 356 600 567 386 506 163 919 634 266 691 571 980 873 79 220 159 145 395 101 655 181 891 124 83 500 982 872 680 176 948 769 671 351 445 225 163 942 431 763 972 780 308 729 314 321 765 687 728 556 28 384 94 245 679 951 457 921 706 691 219 789 240 787 943 722 436 825 461 804 802 222 971 664 260 378 203 891 686 192 989 219 225 880 566 221 20 360 857 139 703 212 647 923 926 320 714 421 297 40 286 297 659 120 841 264 480 689 583 570 170 893 891 216 266 843 239 128 244 376 463 999 400 232 575 114 386 199 147 634 689 352 119 934 685 437 974 597 749 807 79 829 499 457 538 487 975 804 191 999 751 767 892 63 201 36 817 814 161 110 667 537 501 207 117 139 836 309 942 421 643 310 361 561 117 779 191 499 362 68 870 470 596 208 373 141 239 866 463 306 387 621 639 350 708 833 609 568 69 837 58 211 940 886 56 900 73 638 197 126 501 113 152 575 593 92 877 146 891 209 558
736 120 469 927 919 446 328 0 361 18 950 37 944 304 271 534 931 14 831 647 111 404 347 804 255 614 648 972 233 316 241 156 617 199 741 58 952 143 822 691 11 723 198 155 853 636 178 520 846 676 569 815 650 523 264 988 439 612 13 243 148 998 63 829 517 38 1000 912 587 437 168 127 212 214 64 448 132 235 158 927 68 842 445 226 943 401 559 137 434 965 478 774 33 121 632 737 453 504 356 240 586 17 505 42 764 203 392 57 636 383 45 531 376 804 637 333 175 271 92 941 904 472 392 149 382 166 364 921 569 893 263 861 772 662 22 856 288 619 808 456 438 362 643 836 472 929 877 839 323 114 207 474 836 876 527 162 631 795 811 26 142 221 755 889 922 831 849 834 930 144 533 149 246 799 468 189 731 553 900 777 170 392 338 638 673 881 204 583 766 706 346 719 416 539 731 324 86 667 670 455 684 912 204 514 834 908 817 608 780 654 828 541 580 780 614 107 208 331 35 522 506 530 488 616 663 160 97 238 525 139 283 934 818 147 365 536 303 767 230 150 550 184 584 32 497 354 176 493
910 177 168 845 503 401 840 361 0 694 438 761 641 48 698 955 122 997 205 580 663 508 744 872 382 698 498 899 90 680 262 981 940 783 155 212 660 24 591 712 390 515 991 71 247 182 77 422 170 132 834 951 300 563 474 553 183 516 825 636 522 381 605 59 723 268 245 196 615 756 712 726 208 71 769 525 423 561 125 867 769 268 408 890 799 445 778 821 523 125 701 460 326 904 539 641 953 288 400 409 266 963 820 561 37 923 185 663 970 452 630 833 197 610 711 138 506 756 511 927 184 298 591 585 834 920 14 873 813 250 24 739 980 214 42 323 964 228 771 400 529 311 597 361 610 48 983 164 961 410 366 755 638 485 493 374 877 508 824 31 600 76 805 152 491 433 636 760 17 185 661 200 505 802 78 253 349 369 202 578 91 678 615 304 521 557 179 204 675 655 105 762 737 906 457 358 564 31 845 347 28 474 451 429 142 528 136 110 581 834 120 491 898 463 559 974 586 297 958 142 228 363 103 845 942 346 241 176 872 728 797 570 787 709 164 863 330 942 795 321 133 52 560 144 625 303 387 633
637 42 336 216 919 337 256 18 694 0 145 954 492 28 158 65 438 679 154 773 531 56 435 117 823 397 707 96 740 444 641 925 686 351 248 402 378 654 816 161 644 442 609 124 524 236 818 468 621 829 502 557 577 828 387 707 702 532 29 184 305 920 58 450 683 704 470 73 858 834 458 505 995 746 29 681 53 732 716 834 116 963 698 802 342 152 412 931 410 749 571 783 995 130 562 539 858 108 577 812 116 656 623 275 95 420 656 240 613 411 917 195 163 125 942 626 639 311 644 85 715 280 940 683 263 498 501 75 904 726 167 237 643 472 194 366 710 504 275 789 322 748 486 323 263 449 827 381 20 507 263 746 792 914 347 794 648 344 146 831 558 885 10 771 474 117 340 188 426 844 350 571 150 301 780 315 624 545 543 448 164 24 208 664 490 217 444 858 476 440 569 81 589 161 556 954 682 246 429 424 199 243 612 469 252 565 44 590 670 624 36 762 636 711 763 343 664 921 106 717 250 899 782 222 264 366 749 43 763 538 61 286 554 924 594 888 636 47 149 81 268 760 638 73 110 103 211 319
211 775 500 918 684 691 783 950 438 145 0 544 992 314 221 128 902 16 142 23 316 602 17 536 478 821 738 276 983 787 977 372 698 681 29 35 862 374 230 720 452 299 596 13 826 563 669 826 522 330 272 387 543 676 982 486 688 124 236 194 321 301 707 936 430 78 111 513 504 696 371 955 944 929 308 105 113 489 177 148 34 370 277 116 867 195 53 125 563 474 812 349 747 642 431 580 328 688 798 53 750 679 675 608 75 717 480 203 253 475 555 566 764 354 304 237 907 618 534 239 938 504 79 123 647 788 411 249 494 562 178 980 51 929 126 130 183 652 765 466 432 760 568 525 418 104 880 857 992 292 863 917 449 524 538 495 944 475 626 671 319 512 962 403 496 641 794 771 607 541 511 987 244 617 786 165 810 646 374 234 462 98 859 551 59 571 168 105 276 413 455 874 576 266 825 241 406 710 425 920 166 454 916 866 388 176 964 610 361 915 846 798 960 538 644 115 739 189 813 169 214 968 472 488 363 937 108 871 655 79 256 246 610 971 220 525 909 232 535 989 349 483 376 104 897 442 40 175
205 741 240 150 520 101 879 37 761 954 544 0 510 971 497 208 393 259 193 572 534 727 54 288 581 284 214 640 59 823 354 936 713 843 862 708 748 78 921 284 563 673 402 874 154 900 510 578 346 292 282 454 830 241 254 735 792 883 695 794 156 250 544 245 765 200 85 821 628 699 565 679 451 655 979 110 695 1000 226 695 398 544 364 870 39 667 401 944 959 375 898 749 27 159 801 97 734 107 750 834 607 684 543 561 598 39 161 601 252 22 569 44 973 541 591 603 188 957 626 834 968 454 124 588 175 566 103 408 284 673 770 824 562 891 710 297 766 619 741 789 213 811 22 902 336 621 33 836 393 230 345 618 627 250 142 435 212 331 509 350 570 326 346 563 444 460 958 99 357 10 167 256 728 130 81 261 619 524 741 741 899 340 864 117 730 357 64 736 462 879 623 661 164 171 568 965 625 690 878 155 128 432 454 126 85 148 894 943 154 742 541 114 375 252 578 80 351 219 194 564 177 108 537 993 213 498 985 262 55 547 391 935 108 682 905 536 163 287 225 818 420 755 802 432 642 841 880 253
471 141 912 495 371 575 254 944 641 492 992 510 0 402 324 510 824 751 639 375 981 683 597 310 805 873 428 905 130 767 433 619 996 404 251 415 248 654 705 795 966 983 20 598 500 327 363 237 169 355 794 712 996 714 307 958 164 376 954 579 550 454 721 480 992 447 855 936 182 461 688 914 548 961 750 974 972 474 949 20 336 457 167 148 239 958 131 979 589 434 346 363 632 218 662 936 285 179 682 734 698 193 416 455 602 454 289 487 180 163 69 849 85 654 581 963 460 935 355 238 611 102 811 825 254 158 917 403 762 705 81 428 760 609 305 649 653 316 31 634 514 934 484 600 391 984 191 872 320 47 52 459 452 955 285 358 751 709 632 84 927 505 677 826 653 670 508 480 80 915 146 401 909 169 492 60 480 77 816 716 262 214 338 441 245 483 934 245 390 563 944 643 921 512 933 991 689 234 352 343 252 716 850 98 800 819 763 880 710 672 447 261 574 233 591 951 759 546 894 452 683 262 361 67 603 104 69 994 708 250 34 167 117 889 295 201 805 618 963 957 31 401 63 213 734 15 732 768
946 990 220 256 616 106 192 304 48 28 314 971 402 0 99 275 799 432 785 574 773 399 144 275 958 404 626 343 115 292 971 582 554 480 882 210 634 620 357 718 169 405 661 579 379 774 190 545 541 131 329 965 346 533 681 404 207 65 233 397 77 836 261 16 837 382 537 912 961 908 683 107 584 212 763 84 482 320 528 617 761 528 271 80 629 502 991 57 294 740 322 878 413 891 619 577 394 425 30 463 238 425 380 237 503 573 196 406 32 557 292 166 571 632 873 465 942 394 27 491 839 302 627 865 170 647 338 262 129 767 166 950 156 570 62 191 995 34 673 289 148 748 149 162 438 866 224 245 800 277 74 559 107 238 954 365 473 753 793 230 225 196 898 173 239 131 233 254 50 96 149 95 132 901 467 179 417 778 881 987 370 549 618 501 950 887 239 848 706 430 178 714 33 729 26 125 392 344 295 396 392 538 227 288 751 952 539 332 603 156 641 147 970 95 976 778 127 563 484 605 227 747 922 875 920 639 798 956 805 748 84 445 91 582 142 976 932 844 307 840 504 758 352 204 623 56 685 272
977 492 734 792 592 120 756 271 698 158 221 497 324 99 0 39 22 787 897 422 637 374 530 839 929 927 258 524 812 332 881 615 156 841 433 924 864 254 231 310 529 246 815 15 98 357 661 279 730 449 297 873 158 451 453 759 777 674 277 263 65 412 601 313 370 272 803 50 146 812 349 844 385 85 529 387 415 521 856 243 469 901 587 711 909 32 131 982 876 372 728 332 382 886 453 130 914 135 808 160 429 799 626 517 272 147 827 873 74 491 972 33 660 740 154 935 939 525 950 982 369 514 51 185 125 212 682 476 604 185 293 567 70 425 571 708 23 836 720 217 792 23 210 776 117 171 49 416 120 842 140 797 512 470 616 341 943 998 435 87 110 383 822 134 955 313 231 90 381 506 822 836 506 582 592 694 732 60 12 792 833 637 876 777 709 737 916 763 246 969 702 745 201 89 189 475 242 511 185 269 36 970 361 195 898 457 161 45 434 557 742 157 718 20 933 421 372 415 703 483 143 988 710 793 180 66 812 265 453 618 991 611 111 156 319 138 125 627 433 284 967 416 897 320 100 969 991 444
495 697 896 916 779 372 908 534 955 65 128 208 510 275 39 0 521 838 262 634 14 582 134 841 900 146 142 819 340 764 562 418 182 119 563 678 189 944 338 313 779 862 336 698 199 205 717 175 675 670 781 327 587 399 624 571 711 616 840 963 533 818 401 829 890 244 606 139 86 336 59 611 471 436 674 848 442 798 526 410 666 866 724 532 954 517 730 780 872 869 355 801 777 326 82 282 67 34 988 113 761 500 126 339 69 987 738 683 318 139 367 908 421 376 421 817 643 868 302 560 507 15 783 279 38 739 275 92 458 867 725 935 756 554 626 923 854 920 367 275 395 15 41 400 46 486 12 830 835 587 537 829 632 907 817 417 917 812 313 30 270 342 130 980 618 598 847 352 911 492 212 553 691 506 586 565 728 692 364 622 481 391 602 172 526 136 309 971 354 137 973 246 561 753 952 382 706 134 396 114 645 679 850 799 873 35 124 168 907 132 219 451 493 513 508 898 241 260 803 415 599 417 60 965 548 544 144 194 925 815 447 987 721 395 147 915 932 423 957 609 560 939 490 625 570 81 254 301
785 375 885 337 642 446 662 931 122 438 902 393 824 799 22 521 0 814 568 287 103 50 256 842 630 714 136 342 295 279 231 365 992 229 409 253 732 476 771 277 81 863 879 685 752 836 484 840 365 596 467 579 601 686 260 789 522 68 277 137 126 32 418 227 401 773 607 544 264 173 606 337 703 412 70 263 363 170 468 970 462 842 781 642 378 539 321 678 862 646 378 484 738 499 742 311 187 581 231 583 416 396 138 925 881 33 620 518 980 839 450 403 246 824 366 247 897 852 279 819 692 488 131 528 384 151 71 327 778 409 367 658 322 239 110 896 235 987 137 599 66 474 787 953 808 945 641 311 428 870 617 346 648 839 49 709 782 829 13 955 328 584 134 129 805 14 416 620 264 512 440 421 755 284 18 912 45 903 461 313 783 105 825 853 714 838 976 210 855 439 490 713 931 157 661 814 714 543 635 964 154 579 383 579 153 479 982 115 941 831 485 974 561 623 771 881 817 101 449 12 897 831 700 760 659 125 138 277 184 499 864 642 769 867 489 547 212 207 717 690 628 301 777 678 794 901 41 502
566 757 116 584 638 651 986 14 997 679 16 259 751 432 787 838 814 0 248 645 467 306 46 309 762 844 260 996 343 16 49 110 251 976 259 244 920 908 123 635 445 852 814 83 983 262 12 339 977 330 235 585 160 788 588 371 89 789 231 224 850 182 522 474 231 522 179 897 231 873 352 615 88 516 225 239 101 99 198 278 571 729 894 371 774 955 415 990 873 519 474 298 72 827 162 388 717 577 955 381 278 313 633 101 642 697 109 363 98 978 87 139 22 570 821 40 569 628 555 752 416 809 745 557 356 584 617 716 781 933 812 496 196 579 250 692 205 301 955 890 398 977 880 154 57 808 751 317 311 991 509 878 358 153 404 370 753 269 417 57 418 12 138 465 250 145 20 282 70 178 433 238 296 481 448 53 166 71 153 181 799 992 838 896 849 120 981 436 38 179 960 529 212 192 855 226 69 52 977 179 628 693 654 159 751 962 292 365 516 930 727 947 413 661 127 940 826 747 28 549 473 650 653 174 709 808 1000 42 710 116 946 287 86 187 32 208 495 357 735 878 766 478 244 309 514 834 11 716
784 385 719 431 437 317 107 831 205 154 142 193 639 785 897 262 568 248 0 451 895 546 607 186 84 132 487 313 378 208 333 854 434 883 216 317 469 416 576 85 442 679 392 360 986 124 503 330 138 677 358 747 58 297 539 20 16 731 929 822 563 113 982 275 844 254 562 970 492 718 126 955 649 355 483 785 22 260 583 29 942 627 341 628 75 620 417 403 472 214 453 20 976 302 162 459 491 787 614 621 508 210 283 664 831 268 238 923 522 635 807 478 75 859 104 600 988 134 794 263 922 394 518 334 756 779 336 816 23 450 984 420 910 550 583 617 745 410 614 622 605 380 975 578 241 524 813 511 384 383 65 21 564 507 592 60 726 368 466 206 934 308 599 805 254 734 519 314 668 310 61 111 267 323 389 764 235 840 604 398 321 797 860 860 437 481 276 418 376 658 468 795 124 205 519 236 794 525 422 576 370 721 644 779 380 281 861 843 973 483 293 643 990 941 397 769 716 44 787 522 347 835 699 990 978 906 370 771 355 49 12 452 352 942 447 277 850 753 857 20 934 363 659 281 35 660 59 260
791 782 831 837 82 738 818 647 580 773 23 572 375 574 422 634 287 645 451 0 833 213 634 993 115 362 617 750 629 629 54 236 598 808 853 491 792 820 749 295 345 546 196 343 482 895 764 651 682 37 529 294 587 971 429 400 595 683 960 92 101 338 298 584 248 828 82 805 356 377 908 111 173 356 536 981 115 519 796 848 853 756 883 634 741 919 610 203 840 399 886 894 900 473 298 587 323 614 372 540 957 11 93 967 545 684 965 520 858 404 89 994 638 219 564 648 612 485 419 629 157 911 345 578 626 179 525 488 853 335 262 192 610 121 858 826 471 689 154 747 965 296 307 838 37 14 339 101 951 765 733 687 916 877 790 580 452 39 27 278 348 709 575 226 725 864 588 628 301 201 578 107 294 836 461 84 732 55 807 551 418 805 130 911 929 776 736 913 15 822 565 649 680 738 563 50 731 361 715 670 32 529 96 702 611 236 199 599 606 70 640 927 181 859 43 156 33 847 270 596 744 374 414 519 578 578 364 333 321 334 43 589 905 416 919 290 404 120 673 377 387 583 49 431 462 144 944 82
969 828 528 148 283 66 978 111 663 531 316 534 981 773 637 14 103 467 895 833 0 148 575 119 31 60 233 715 532 556 425 561 300 622 268 723 473 24 505 729 35 380 999 757 453 238 907 842 165 507 711 532 675 565 895 990 530 681 657 894 81 446 845 760 359 863 980 39 428 563 338 183 104 314 608 441 231 204 818 111 51 490 322 940 847 682 74 551 875 140 215 950 901 54 501 632 564 253 795 29 394 573 42 593 588 390 69 330 667 55 404 96 215 437 138 61 379 780 479 860 717 284 660 808 96 754 369 758 156 195 34 163 36 99 464 619 685 548 179 755 171 989 926 956 689 631 605 781 434 586 801 710 482 115 266 332 958 873 505 22 108 211 869 912 571 640 778 678 698 214 345 204 476 906 92 116 355 216 846 474 290 853 953 229 829 19 456 49 53 508 338 623 531 924 351 221 861 38 57 12 99 496 596 571 483 216 737 309 19 666 81 499 158 206 62 39 255 602 205 10 321 156 153 562 620 577 80 828 803 996 826 167 308 362 470 926 736 244 875 734 997 397 381 584 414 829 529 484
388 812 38 559 527 493 322 404 508 56 602 727 683 399 374 582 50 306 546 213 148 0 663 173 55 751 462 179 862 376 430 305 628 857 187 53 65 110 305 527 976 588 201 614 32 768 646 373 938 689 851 160 877 668 408 588 223 404 189 951 394 917 405 108 185 221 127 428 733 370 10 272 488 708 118 79 575 372 373 273 863 688 570 235 180 575 23 959 368 935 637 560 104 734 184 496 277 174 631 648 885 155 291 623 610 461 890 889 786 132 318 651 225 411 781 842 51 197 256 665 607 219 126 901 576 768 508 262 406 833 334 528 956 919 365 97 12 59 576 59 114 796 174 785 400 133 175 847 673 939 230 449 593 342 489 450 316 748 826 26 228 286 385 671 758 841 454 295 927 661 80 170 195 70 44 632 896 666 293 988 894 291 345 699 997 701 700 890 615 148 79 552 619 427 32 545 32 44 649 150 377 222 33 864 379 787 972 502 606 28 686 141 911 793 109 329 160 444 274 634 477 164 261 688 426 289 149 823 990 998 506 408 552 224 81 98 303 158 673 476 62 204 947 514 400 451 663 229
138 546 179 622 810 301 178 347 744 435 17 54 597 144 530 134 256 46 607 634 575 663 0 478 497 979 628 510 847 422 69 891 877 484 1000 336 165 168 526 51 583 12 145 223 465 804 641 441 921 978 145 374 22 802 745 765 520 878 678 90 132 43 108 26 163 907 545 825 148 183 388 90 485 935 872 116 239 360 637 947 547 160 36 97 493 331 735 747 53 932 355 35 847 576 515 483 101 161 727 241 71 54 371 907 111 903 883 270 879 111 357 582 833 192 746 650 872 682 991 927 501 302 868 268 57 360 858 819 914 224 106 263 503 429 346 817 852 176 241 112 307 520 108 940 942 892 928 56 237 453 739 954 332 556 307 11 507 376 58 832 339 905 122 294 388 142 976 993 737 647 465 217 29 74 549 254 797 544 480 833 890 737 132 854 518 27 358 666 944 241 161 923 41 567 152 132 469 656 358 221 446 837 964 305 803 838 872 476 216 512 383 902 131 671 125 260 529 234 997 212 109 887 809 222 382 883 121 966 972 201 676 453 536 661 218 892 10 790 330 632 921 110 472 641 442 139 735 546
179 924 901 503 345 12 706 804 872 117 536 288 310 275 839 841 842 309 186 993 119 173 478 0 466 943 451 841 553 368 779 217 659 134 704 698 456 326 898 99 810 816 750 308 433 499 716 397 780 668 793 277 317 504 341 919 303 389 323 676 446 951 393 631 113 798 462 114 334 358 820 715 707 309 783 581 666 516 491 861 386 846 129 206 264 667 33 828 311 509 361 947 750 588 897 238 28 160 580 125 266 256 61 974 174 291 935 76 138 914 141 494 649 823 938 15 63 182 550 556 330 76 68 19 646 306 274 833 71 400 914 89 53 465 129 181 80 109 133 434 990 81 70 984 864 488 199 65 315 733 446 465 754 217 653 77 682 309 386 670 805 616 687 669 51 78 320 926 689 15 512 665 696 116 578 426 172 842 198 631 473 805 56 618 610 991 871 38 32 727 49 477 541 556 319 260 224 142 560 423 677 131 722 675 885 246 556 92 921 346 204 64 343 172 262 490 318 586 535 392 69 275 551 846 108 191 598 414 981 742 241 512 974 155 902 28 789 863 663 682 932 705 627 46 745 791 363 606
376 304 364 651 898 353 783 255 382 823 478 581 805 958 929 900 630 762 84 115 31 55 497 466 0 661 652 331 115 626 552 450 562 282 34 370 451 896 952 931 552 989 279 955 638 431 866 222 678 785 335 585 753 880 391 653 737 614 900 295 855 659 129 549 774 972 313 219 623 86 876 294 218 758 279 752 496 171 841 505 235 135 371 42 910 550 529 143 68 908 157 596 804 32 760 842 748 396 959 372 381 239 78 392 276 754 953 125 523 184 639 859 720 854 489 459 589 145 15 630 831 239 168 840 64 135 847 815 603 108 500 559 48 759 892 174 289 939 348 511 319 700 912 118 692 713 492 886 342 96 25 830 515 878 353 79 477 907 764 572 131 109 290 898 166 409 398 376 599 235 824 939 491 309 545 814 626 855 462 626 108 157 991 801 509 284 631 932 211 466 123 193 472 397 808 290 893 44 876 813 562 343 604 459 852 208 809 993 678 453 703 11 416 455 206 154 581 154 850 690 924 506 752 957 93 903 843 531 628 702 74 252 546 357 592 863 347 628 844 95 200 910 454 521 976 143 650 456
74 494 840 89 438 417 820 614 698 397 821 284 873 404 927 146 714 844 132 362 60 751 979 943 661 0 720 776 488 997 573 94 636 449 969 69 476 380 78 904 639 427 246 322 217 462 487 176 245 303 268 676 213 417 315 399 248 919 456 484 991 712 469 396 824 420 585 265 18 952 441 553 402 827 580 257 202 182 270 169 217 863 450 752 517 685 250 857 101 261 532 315 57 951 760 825 294 374 225 942 575 171 270 208 706 459 840 838 861 959 385 903 740 282 191 65 911 165 648 746 110 21 136 936 651 675 158 626 151 665 463 592 514 532 764 173 645 479 369 105 675 183 962 938 686 717 570 712 178 875 464 99 955 231 935 61 154 740 518 280 746 122 122 511 783 283 342 396 903 856 865 708 507 826 242 669 1000 54 65 238 263 474 594 644 962 709 112 438 284 804 105 300 77 436 532 485 976 688 904 841 607 86 768 722 151 810 468 699 759 765 262 613 617 990 363 494 846 957 411 70 607 82 290 779 815 782 301 648 929 113 815 813 964 431 882 755 955 141 601 913 473 929 678 54 12 683 380 732
755 656 13 762 26 369 659 648 498 707 738 214 428 626 258 142 136 260 487 617 233 462 628 451 652 720 0 921 354 217 997 364 156 739 973 82 210 358 218 175 699 792 727 760 927 352 736 64 865 732 923 804 878 126 470 240 642 34 442 222 166 308 250 951 141 51 247 924 217 326 758 875 776 674 501 612 201 294 399 254 816 664 84 520 854 852 795 588 103 225 979 579 837 519 415 40 128 508 99 32 340 244 926 615 291 261 890 495 692 243 96 167 724 169 33 776 418 624 191 210 394 570 74 948 157 273 252 29 162 788 504 824 850 775 258 151 441 315 538 40 748 900 115 935 566 311 955 760 705 522 987 817 784 994 868 592 389 263 958 12 587 272 583 36 202 809 828 906 724 652 506 64 357 42 589 961 504 945 470 171 923 279 460 137 286 282 264 91 732 847 582 658 802 617 572 700 205 850 48 861 851 259 74 735 396 81 885 721 743 65 284 271 812 320 675 164 866 139 247 498 608 305 11 479 422 461 199 50 800 332 962 368 201 911 889 325 253 165 634 566 497 944 664 867 338 50 480 810
97 275 162 311 130 988 725 972 899 96 276 640 905 343 524 819 342 996 313 750 715 179 510 841 331 776 921 0 978 147 118 219 382 568 941 316 594 618 564 670 473 749 142 394 111 841 51 363 723 176 95 565 883 113 725 731 613 515 211 406 75 354 374 945 473 619 211 773 533 910 212 370 996 346 976 398 703 732 513 176 324 902 970 548 290 155 152 965 328 403 657 692 882 801 861 680 623 27 998 160 67 690 550 895 21 319 564 331 482 290 895 344 437 457 923 405 730 927 389 32 734 54 686 728 977 382 805 31 433 274 294 751 770 348 472 370 685 258 983 861 357 239 180 426 195 319 198 896 997 575 539 999 18 478 598 979 24 688 446 407 170 494 119 242 790 877 535 822 923 244 921 529 103 783 189 335 976 255 412 627 992 619 594 122 27 540 130 856 307 879 991 509 970 16 75 221 838 81 362 557 753 137 694 978 581 228 411 161 814 502 542 334 891 495 945 774 929 941 152 592 69 832 530 362 922 511 422 602 195 580 10 410 867 920 58 374 52 805 508 986 536 381 178 885 681 103 881 139
60 859 426 977 856 285 356 233 90 740 983 59 130 115 812 340 295 343 378 629 532 862 847 553 115 488 354 978 0 698 640 949 902 114 857 734 844 933 911 220 862 370 318 155 46 196 673 772 434 813 385 47 185 444 754 809 318 771 242 454 514 933 661 278 817 152 244 117 541 944 257 861 498 530 652 994 144 663 157 664 717 438 302 511 79 141 574 730 644 46 940 261 420 939 769 155 391 474 539 21 851 672 16 304 105 873 483 883 358 993 434 243 32 54 883 662 232 188 325 335 293 868 624 580 547 245 570 988 995 232 267 785 980 75 60 122 63 802 122 428 320 128 246 341 373 590 852 426 481 462 618 370 907 941 681 75 726 763 957 71 836 610 452 923 669 164 322 136 982 740 729 241 272 701 998 362 899 546 58 859 263 592 456 766 300 561 299 87 976 637 849 983 721 463 181 959 731 859 379 349 878 944 121 463 192 960 98 192 477 211 64 247 70 695 396 265 42 954 552 389 859 527 931 374 375 367 511 446 654 355 223 357 491 221 414 286 677 196 143 166 564 684 662 44 842 984 639 214
263 345 543 312 375 264 600 316 680 444 787 823 767 292 332 764 279 16 208 629 556 376 422 368 626 997 217 147 698 0 535 742 388 881 146 936 738 152 807 808 745 187 762 481 147 417 282 81 949 25 923 262 182 342 590 797 202 846 662 854 201 934 877 710 241 953 18 800 294 736 174 151 502 300 741 261 877 375 319 147 760 671 337 132 308 92 349 997 210 435 229 362 171 379 747 214 253 261 425 46 372 681 292 116 625 288 923 62 903 362 165 426 237 438 483 641 478 70 230 52 385 42 733 577 543 253 85 263 451 483 732 526 274 182 777 346 243 594 989 445 823 523 200 253 899 948 511 70 851 554 708 321 75 423 589 930 260 151 632 430 969 74 494 73 326 332 826 956 655 482 799 920 499 957 458 757 716 876 377 750 729 274 688 541 489 984 516 581 153 437 421 942 722 543 234 758 894 555 864 613 10 669 888 627 460 296 152 993 872 771 462 454 409 946 755 175 750 962 485 914 679 995 488 72 267 582 944 574 820 330 647 64 341 822 845 182 174 267 749 73 552 702 520 417 192 979 282 377
390 879 193 265 711 729 567 241 262 641 977 354 433 971 881 562 231 49 333 54 425 430 69 779 552 573 997 118 640 535 0 887 714 816 290 671 598 437 168 437 199 94 834 954 508 52 88 295 230 873 781 885 340 207 224 95 455 848 345 332 114 503 555 348 859 968 239 140 275 755 571 12 603 497 634 77 701 635 434 996 372 559 109 536 407 507 707 114 274 933 944 454 464 548 400 78 688 77 717 296 608 949 646 336 765 225 356 94 992 931 143 381 838 454 102 86 379 260 145 603 788 455 676 812 91 214 852 219 73 668 649 154 679 906 912 596 405 157 146 460 627 266 73 429 869 796 133 15 551 939 100 712 956 292 456 822 510 551 361 74 159 12 392 499 145 223 312 287 355 221 600 949 800 527 674 414 356 394 495 323 215 627 89 106 229 482 820 16 711 912 804 201 857 796 279 640 562 534 117 48 708 309 574 743 304 243 343 406 546 877 783 926 346 505 892 612 561 327 269 964 720 163 46 227 202 303 938 730 943 660 547 632 226 126 121 957 665 285 997 81 412 112 133 166 585 879 709 699
692 787 901 157 915 216 386 156 981 925 372 936 619 582 615 418 365 110 854 236 561 305 891 217 450 94 364 219 949 742 887 0 876 515 504 838 103 36 293 229 94 288 809 776 207 401 383 139 820 929 392 106 712 620 393 438 123 501 666 73 622 657 648 653 712 789 587 187 42 756 483 985 198 478 674 515 763 724 47 293 184 819 414 585 309 87 915 727 667 375 610 172 428 677 549 227 506 864 854 464 611 132 236 467 571 432 734 471 299 506 150 331 674 488 794 621 411 145 968 402 939 750 674 338 438 780 725 395 798 717 582 121 945 491 24 198 492 614 239 16 989 63 63 152 805 196 121 510 437 389 576 301 215 770 865 164 552 516 269 820 438 608 733 200 346 348 348 311 586 211 819 883 979 597 106 219 787 276 560 167 868 462 79 763 415 350 276 68 637 611 556 964 728 630 739 593 396 948 606 936 326 863 109 602 135 768 597 123 408 228 879 467 497 828 777 988 880 715 37 60 198 42 929 998 822 93 245 168 509 361 307 303 40 977 475 88 370 542 277 456 420 905 52 529 718 51 504 343
244 104 690 476 38 570 506 617 940 686 698 713 996 554 156 182 992 251 434 598 300 628 877 659 562 636 156 382 902 388 714 876 0 337 352 421 520 347 185 20 417 210 932 922 327 639 112 154 386 975 932 727 478 673 848 40 932 56 929 938 337 572 289 876 780 380 623 996 646 338 519 958 773 122 834 975 269 704 854 541 735 260 883 11 301 392 537 438 768 56 407 598 113 761 434 255 406 235 774 817 259 390 141 314 47 112 526 696 460 874 166 726 913 430 129 542 235 643 57 592 880 262 250 934 397 591 61 380 604 680 275 200 334 596 694 578 145 50 151 389 464 368 742 963 905 263 327 785 77 975 794 854 527 633 322 410 854 292 474 541 772 373 710 227 658 717 668 419 148 299 773 991 543 269 126 100 726 922 178 341 239 216 623 580 483 369 730 167 773 740 417 459 671 505 241 872 376 395 935 901 171 201 83 865 968 145 711 370 349 730 668 894 729 572 66 152 105 939 318 274 493 707 43 700 373 989 731 304 310 103 56 98 462 350 772 542 131 637 828 995 994 484 743 966 904 491 940 956
938 611 75 974 29 234 163 199 783 351 681 843 404 480 841 119 229 976 883 808 622 857 484 134 282 449 739 568 114 881 816 515 337 0 619 112 383 477 863 487 237 487 915 604 608 88 269 820 66 659 269 601 26 567 359 793 843 466 165 16 679 227 965 892 56 147 149 214 701 482 666 638 42 272 965 754 925 319 686 258 553 21 495 595 18 568 249 394 761 640 502 826 259 138 914 592 777 840 261 722 55 53 168 446 656 759 921 875 971 302 886 747 940 989 834 91 836 243 320 812 299 147 385 475 780 914 632 243 815 253 479 1000 135 403 153 244 124 848 703 236 727 104 394 920 460 390 635 333 966 996 322 834 56 521 967 929 271 962 785 775 105 502 195 844 312 953 997 135 424 292 709 788 735 143 397 684 901 850 982 201 657 333 413 347 223 524 512 717 705 138 299 499 225 572 868 53 927 134 219 877 312 500 648 472 292 249 338 270 851 45 699 608 677 877 269 459 129 605 315 481 674 955 607 639 386 287 543 82 674 727 639 667 733 733 688 810 744 861 561 237 911 424 481 389 176 966 830 268
223 182 797 505 618 154 919 741 155 248 29 862 251 882 433 563 409 259 216 853 268 187 1000 704 34 969 973 941 857 146 290 504 352 619 0 60 872 304 567 443 459 189 301 141 854 678 649 425 569 265 308 625 741 247 912 904 94 818 159 517 662 479 924 141 521 209 974 966 157 198 425 497 429 309 961 435 99 179 930 816 872 441 754 210 262 932 888 225 530 559 596 415 541 292 609 39 314 439 271 988 408 669 241 522 765 465 15 833 917 794 179 485 88 22 154 550 789 913 121 285 370 544 67 839 95 897 351 62 439 790 726 559 432 957 686 320 682 201 375 803 429 123 862 412 41 944 615 746 335 40 144 26 846 249 383 804 950 465 203 585 185 517 794 816 237 403 166 590 829 564 750 121 86 154 570 225 752 240 225 642 715 446 238 928 146 990 712 704 629 471 545 635 219 146 314 627 704 249 368 868 539 924 117 946 107 574 861 888 803 137 553 380 117 277 443 330 135 955 616 81 654 115 918 813 545 232 462 137 524 198 888 840 621 731 815 610 673 434 913 602 225 524 311 745 739 231 524 917
682 504 573 441 201 723 634 58 212 402 35 708 415 210 924 678 253 244 317 491 723 53 336 698 370 69 82 316 734 936 671 838 421 112 60 0 945 812 131 214 655 540 986 714 596 231 791 382 266 310 109 27 239 899 701 995 332 411 388 529 962 116 79 663 250 672 960 674 210 832 344 342 14 573 782 853 934 669 665 402 850 107 954 607 504 696 970 75 745 614 632 870 934 79 757 641 968 415 298 885 788 504 332 318 781 308 310 327 694 222 909 948 308 404 50 791 676 425 181 697 744 905 177 144 187 450 347 656 880 613 123 843 77 560 54 463 426 989 762 582 276 847 869 650 344 34 404 753 965 327 588 373 663 301 15 997 184 341 226 765 975 906 210 91 755 130 115 497 403 582 367 757 894 937 458 335 132 416 187 217 969 830 431 750 841 880 532 909 90 263 784 30 399 499 690 674 530 201 171 229 636 63 82 828 45 120 933 803 317 279 311 348 145 977 390 370 929 802 249 193 249 938 208 881 83 352 218 394 34 413 424 208 671 830 309 997 95 586 328 28 512 227 836 379 663 892 789 963
810 270 58 811 372 352 266 952 660 378 862 748 248 634 864 189 732 920 469 792 473 65 165 456 451 476 210 594 844 738 598 103 520 383 872 945 0 734 991 288 280 357 271 913 230 721 493 564 985 534 911 466 775 946 179 318 624 99 538 210 278 634 458 324 594 532 131 220 118 810 593 610 54 28 90 703 745 403 591 486 231 413 528 913 266 250 944 247 645 418 497 773 396 440 732 251 970 919 639 717 103 172 743 972 308 575 577 662 931 580 25 136 115 206 901 362 242 560 741 786 273 389 157 529 606 974 379 271 552 582 926 528 426 409 509 454 189 189 364 558 359 642 285 441 64 828 384 44 804 721 702 141 989 222 630 715 351 955 19 242 171 111 581 984 989 952 593 527 156 22 534 302 197 745 12 142 124 595 564 903 543 853 915 120 860 726 744 304 36 678 735 866 721 301 563 658 378 187 346 529 205 801 761 813 599 680 539 27 330 598 41 748 215 149 107 19 193 120 945 226 811 146 215 437 831 815 57 973 758 220 147 365 746 668 584 577 611 859 946 923 760 227 830 366 155 872 136 67
944 667 933 568 339 808 691 143 24 654 374 78 654 620 254 944 476 908 416 820 24 110 168 326 896 380 358 618 933 152 437 36 347 477 304 812 734 0 135 686 938 531 606 655 317 776 602 135 461 376 819 895 846 920 874 399 29 47 937 1000 878 938 878 671 458 193 377 929 388 943 434 154 147 290 505 558 262 606 18 618 490 538 366 605 840 305 459 744 802 374 226 784 213 833 73 404 851 808 785 791 457 77 282 755 274 833 544 98 851 571 184 600 211 441 175 746 530 980 457 801 879 815 354 11 534 153 941 609 330 272 144 435 554 582 424 801 359 117 713 747 919 805 674 273 107 725 419 59 895 924 477 411 263 267 470 543 460 658 93 944 553 720 781 820 478 974 645 610 904 609 771 157 461 443 124 763 347 11 700 881 114 121 98 812 708 448 989 697 800 860 952 397 120 871 825 832 624 996 144 566 314 54 752 313 609 909 172 253 774 323 411 894 656 780 226 936 224 857 72 393 495 164 825 929 227 896 390 626 94 223 793 385 111 475 931 351 812 299 40 116 828 753 90 356 389 133 727 128
483 247 280 819 117 139 571 822 591 816 230 921 705 357 231 338 771 123 576 749 505 305 526 898 952 78 218 564 911 807 168 293 185 863 567 131 991 135 0 608 17 891 721 779 341 323 351 121 883 422 396 775 746 79 623 997 701 904 108 70 136 834 845 611 644 19 294 376 528 622 682 851 468 862 403 999 609 704 77 535 913 522 841 579 516 456 885 133 794 462 170 528 713 454 775 942 389 615 729 535 619 97 239 108 692 247 688 426 575 786 530 34 652 949 919 690 527 980 539 650 638 527 843 565 398 643 374 71 447 256 690 509 790 36 406 504 326 692 133 508 336 50 100 724 38 956 668 987 219 523 607 66 438 351 445 32 588 115 609 979 830 977 245 23 756 477 508 597 985 601 764 594 279 517 593 291 256 739 419 86 398 359 53 997 778 777 531 49 706 298 130 134 56 587 114 49 740 815 569 677 97 770 586 535 820 650 678 392 347 742 638 634 635 950 264 227 320 754 131 637 464 311 395 510 149 987 296 539 943 415 565 210 305 983 359 729 706 15 457 746 224 266 862 759 579 616 573 945
316 163 341 77 98 404 980 691 712 161 720 284 795 718 310 313 277 635 85 295 729 527 51 99 931 904 175 670 220 808 437 229 20 487 443 214 288 686 608 0 904 470 291 83 204 380 317 435 21 591 709 591 102 403 519 270 348 12 466 779 324 528 970 198 621 759 985 694 37 818 376 626 990 563 711 985 468 64 543 15 169 154 464 858 928 564 529 217 336 10 104 523 986 768 67 919 15 470 312 335 433 421 438 395 737 736 139 835 710 530 422 494 296 119 682 747 170 837 63 916 433 593 576 35 955 843 232 908 865 188 215 626 342 307 10 39 137 872 25 898 494 594 401 481 590 857 813 420 959 297 376 46 629 580 299 682 633 669 874 532 53 220 890 688 603 282 347 355 445 710 55 91 764 581 362 475 929 409 181 566 967 690 374 67 357 252 482 550 88 133 394 144 186 577 839 887 523 44 549 291 266 515 631 858 45 47 859 680 380 335 221 305 559 702 89 587 681 276 981 870 796 881 25 820 854 715 91 690 267 662 329 108 988 484 713 476 929 34 726 553 695 908 482 104 674 439 425 324
908 437 427 642 502 332 873 11 390 644 452 563 966 169 529 779 81 445 442 345 35 976 583 810 552 639 699 473 862 745 199 94 417 237 459 655 280 938 17 904 0 48 303 778 702 598 230 885 432 995 805 432 53 854 20 24 530 452 99 240 593 312 120 370 976 150 851 822 924 974 873 434 821 396 105 148 172 10 492 556 657 70 230 339 352 260 143 876 16 673 170 105 546 450 408 931 989 234 110 694 549 190 107 82 456 718 767 226 523 488 88 173 578 549 932 176 176 72 830 164 320 157 820 43 769 247 943 980 333 813 99 876 472 613 995 532 872 213 426 629 948 786 792 366 163 802 769 894 463 120 859 767 958 882 512 679 526 132 204 339 423 644 878 504 626 377 478 56 709 233 915 352 15 610 516 917 829 896 258 648 628 547 506 302 407 655 213 279 34 27 799 477 924 991 168 385 83 277 999 341 770 831 162 826 981 16 640 110 438 246 47 513 568 729 691 964 877 397 15 322 455 724 531 284 515 763 659 441 868 536 564 291 526 150 220 319 423 726 317 134 50 714 275 226 945 38 743 370
