169
0 35 517 535 940 498 541 260 921 706 478 579 566 965 736 517 99 954 991 195 292 660 560 795 16 497 229 636 992 150 85 12 816 901 728 344 363 192 11 646 205 946 30 472 125 356 441 215 470 740 253 696 766 346 512 171 371 310 460 128 337 256 419 165 314 300 234 804 741 380 944 319 434 356 24 757 634 126 67 206 717 25 779 12 791 722 261 86 193 695 497 927 576 250 534 75 882 534 444 994 685 279 87 970 70 655 271 770 189 641 889 695 163 910 14 210 778 120 190 774 838 578 473 470 468 832 625 149 70 594 870 524 978 281 84 150 524 234 451 352 401 327 151 843 809 636 10 569 671 292 164 28 280 470 558 859 656 707 892 959 590 455 902 891 234 209 990 175 376
35 0 869 911 275 973 958 331 704 597 303 41 970 789 885 552 672 757 302 244 42 807 505 171 112 486 207 835 133 784 646 626 706 259 120 264 579 515 119 337 904 504 393 248 366 724 295 828 825 177 454 262 937 499 84 13 353 357 778 586 849 125 1000 769 921 192 647 852 766 314 395 637 229 250 249 914 736 123 650 975 988 574 835 277 710 711 82 510 427 552 837 663 225 954 547 858 382 412 481 817 568 285 265 460 671 287 243 273 261 117 999 504 50 88 960 146 880 404 394 212 918 234 99 407 829 290 862 926 311 407 614 277 729 592 946 124 975 845 961 851 871 405 810 107 950 216 740 369 924 245 123 142 442 750 322 357 666 382 595 726 347 480 517 419 616 710 158 176 127
517 869 0 311 493 721 915 990 813 350 355 230 825 206 363 716 902 85 932 351 349 276 379 536 58 940 581 161 489 386 127 408 686 822 941 748 455 501 322 422 725 197 407 641 656 92 160 253 602 933 370 391 253 597 398 522 344 769 791 622 17 375 479 293 273 512 961 575 495 231 880 960 112 219 279 969 708 254 593 513 372 801 213 762 282 56 117 184 772 225 913 678 253 885 469 398 870 568 228 881 28 923 931 499 591 60 280 440 108 346 540 990 424 675 394 755 12 401 160 833 145 877 189 592 32 924 147 708 988 303 298 384 702 648 37 378 876 786 13 154 449 23 205 760 42 665 189 364 191 577 125 506 518 593 810 535 423 612 183 763 301 562 623 923 240 740 30 977 199
535 911 311 0 468 721 241 250 745 460 293 68 689 618 270 873 702 813 239 715 505 401 20 596 68 962 157 258 643 420 82 982 615 407 564 983 459 775 770 349 130 14 994 811 406 123 789 756 726 974 840 739 890 185 538 597 781 984 381 577 984 583 631 844 549 736 64 300 450 949 337 514 981 639 829 277 988 298 804 445 107 436 911 406 431 954 72 623 709 663 607 39 855 495 181 727 622 369 307 468 630 592 382 846 341 769 76 52 359 352 981 473 833 817 341 306 827 844 113 400 695 989 437 548 605 854 128 349 457 441 217 817 21 291 199 199 205 282 169 673 361 827 785 604 311 132 223 444 427 433 621 400 245 525 153 149 606 651 368 299 409 492 718 770 68 248 579 61 233
940 275 493 468 0 551 777 668 339 771 696 825 212 824 831 704 342 502 423 156 139 582 733 497 81 682 787 178 537 771 904 47 433 264 902 196 464 598 638 689 794 840 273 262 363 316 338 814 91 619 449 473 470 775 889 786 190 881 702 413 231 296 525 849 770 412 824 633 286 139 114 148 846 357 229 866 725 206 844 893 571 657 555 763 211 204 406 932 324 712 807 41 847 581 895 662 681 435 403 535 908 145 901 63 249 507 550 230 742 575 383 153 767 357 655 562 448 677 746 238 387 964 883 408 316 800 307 266 113 314 663 113 422 934 723 564 639 848 427 678 530 378 581 276 656 174 900 552 511 503 823 709 217 445 603 277 32 239 52 149 494 490 327 227 388 661 380 412 991
498 973 721 721 551 0 322 284 104 124 333 990 953 726 651 707 271 774 526 579 69 182 614 602 522 46 957 617 241 519 392 363 487 926 962 66 814 82 309 873 663 939 424 490 26 128 481 215 881 516 621 846 842 277 862 206 48 486 875 863 263 385 742 647 388 293 783 751 196 713 381 437 899 652 651 284 552 464 472 746 591 838 344 933 571 265 996 668 978 931 766 215 897 89 389 702 842 56 934 209 321 518 26 358 941 908 411 954 319 650 456 445 59 898 517 193 328 648 337 505 885 428 659 374 734 637 782 413 302 714 553 950 331 297 383 772 39 895 649 966 960 99 189 340 71 184 328 266 775 92 99 181 768 339 249 21 231 237 944 255 849 459 665 294 879 148 355 344 457
541 958 915 241 777 322 0 928 229 648 316 400 902 52 829 961 684 353 531 979 494 735 556 198 543 108 857 811 685 578 394 162 226 42 336 716 424 712 951 843 700 161 456 54 262 500 670 460 45 91 178 10 81 203 388 681 964 995 332 292 892 85 896 621 111 250 951 200 266 787 34 371 645 483 835 321 172 771 535 480 846 965 238 50 763 308 314 234 679 480 960 373 702 665 298 264 227 781 183 351 730 914 462 405 814 916 299 941 91 60 228 636 908 173 765 14 139 527 483 895 210 330 349 215 306 940 277 932 224 76 908 556 533 47 638 635 417 935 955 297 633 221 293 943 825 580 527 444 762 806 504 636 565 372 266 894 148 852 811 420 850 244 388 851 757 243 110 786 214
260 331 990 250 668 284 928 0 911 94 414 79 632 295 822 431 441 677 508 658 954 639 257 449 996 378 801 170 493 32 604 182 843 904 536 285 837 738 374 525 171 90 601 104 494 243 436 323 201 954 929 846 830 141 333 451 632 289 757 334 910 611 282 37 713 744 668 697 528 796 864 352 673 467 148 100 109 953 373 583 571 610 646 681 677 410 97 292 527 489 541 556 729 938 480 699 74 778 185 422 647 194 16 611 458 999 826 639 426 302 110 203 746 964 470 910 666 174 632 376 447 537 901 228 473 135 573 347 258 426 231 216 626 533 216 841 876 399 328 664 840 534 908 416 217 926 188 946 429 969 477 888 600 109 374 143 739 514 593 359 121 792 343 768 138 258 881 870 254
921 704 813 745 339 104 229 911 0 857 710 280 316 94 180 667 676 787 619 450 864 725 257 620 191 906 394 906 849 254 413 516 62 904 217 522 368 863 388 31 507 401 548 302 851 107 104 475 589 32 316 473 534 594 927 439 690 105 989 128 648 794 889 423 640 210 465 197 645 681 762 215 182 932 804 797 734 513 376 609 332 570 845 353 560 267 441 505 495 537 820 226 103 764 298 973 413 307 232 497 974 524 437 117 582 535 64 624 327 678 973 908 396 363 81 530 671 943 636 873 17 942 278 921 921 590 743 644 896 287 333 945 894 503 455 956 855 16 925 588 848 825 654 245 877 911 448 52 439 686 220 605 943 461 680 809 952 415 852 282 291 497 950 152 106 140 423 319 33
706 597 350 460 771 124 648 94 857 0 108 232 705 521 538 920 674 573 747 164 710 357 364 125 634 610 97 218 835 474 367 754 902 960 177 635 238 818 28 639 143 605 354 697 781 504 501 731 253 391 558 887 804 524 202 897 512 711 436 317 812 735 253 631 29 690 287 237 933 444 776 613 883 964 622 659 94 388 556 46 107 551 940 750 985 737 970 916 968 226 511 176 520 174 103 958 367 427 207 851 851 634 966 230 397 130 644 773 979 583 958 619 832 22 858 284 194 537 316 176 222 833 555 205 783 587 781 345 541 565 794 789 549 888 565 343 847 944 236 62 523 831 141 18 766 402 954 164 172 261 831 809 348 352 254 843 622 361 545 174 324 130 985 766 538 573 384 526 557
478 303 355 293 696 333 316 414 710 108 0 26 239 534 876 558 290 443 592 940 475 34 110 787 904 90 409 842 670 337 857 657 958 92 907 198 551 618 233 351 755 113 975 861 573 240 423 139 839 741 738 926 80 641 26 75 659 12 365 478 477 360 384 485 376 756 694 468 686 248 786 553 621 213 507 763 623 603 131 933 893 145 922 276 54 338 849 27 975 893 570 915 640 370 286 358 581 546 104 957 484 854 361 143 99 978 237 412 485 555 267 772 107 530 639 95 51 615 523 734 212 368 649 809 635 149 204 514 181 619 385 609 931 672 695 264 814 81 675 106 37 620 666 808 19 176 953 748 990 24 484 161 181 994 486 678 932 832 919 831 687 721 950 922 825 938 899 266 35
579 41 230 68 825 990 400 79 280 232 26 0 515 284 891 276 636 562 697 162 554 337 593 159 458 718 238 402 609 805 622 531 274 400 983 978 50 918 529 371 471 463 911 338 699 795 625 136 678 940 266 343 130 47 272 461 697 801 221 859 845 94 884 756 412 272 218 883 488 433 134 49 327 21 98 301 233 775 271 260 127 229 529 392 653 921 438 988 348 287 883 15 590 764 643 75 354 112 230 539 203 469 61 893 39 346 474 953 982 782 659 184 219 943 514 146 929 366 866 940 102 122 293 710 764 503 921 65 460 71 64 393 906 728 607 368 222 774 708 375 915 422 56 835 181 168 214 912 831 29 759 943 168 87 995 538 588 246 831 14 785 39 971 402 645 114 128 75 980
566 970 825 689 212 953 902 632 316 705 239 515 0 138 81 261 35 938 523 941 94 63 505 890 950 430 398 843 774 517 468 279 32 134 187 206 525 977 344 748 723 360 190 455 863 356 499 842 212 471 259 712 673 953 663 88 155 664 309 426 931 701 548 719 677 964 592 152 401 284 783 47 110 896 63 495 308 348 580 976 471 434 726 406 362 362 322 629 723 667 272 350 846 982 394 302 557 786 96 666 991 898 564 957 173 892 920 910 929 392 924 524 720 84 129 468 973 450 621 261 750 540 944 218 670 126 70 125 655 507 134 379 36 708 50 410 378 687 392 766 102 362 676 13 564 884 307 779 849 322 66 27 343 361 902 876 666 59 146 630 696 680 805 289 687 533 920 320 139
965 789 206 618 824 726 52 295 94 521 534 284 138 0 606 137 208 87 224 222 110 194 95 375 718 568 428 133 976 123 543 458 794 559 610 466 337 210 484 19 264 172 222 161 385 564 271 943 395 78 504 463 711 658 648 162 879 161 438 384 844 486 775 277 59 180 141 107 670 635 853 746 973 149 484 752 661 561 570 662 714 29 224 394 647 404 188 230 102 343 566 781 887 681 754 133 28 765 730 895 331 970 954 540 275 54 361 495 211 502 428 654 816 783 245 161 665 183 176 72 506 246 259 106 192 853 951 846 971 235 660 44 382 789 794 747 810 951 133 245 330 64 243 751 831 541 25 996 981 687 549 741 275 170 744 823 698 475 383 562 393 723 76 414 482 994 888 438 62
736 885 363 270 831 651 829 822 180 538 876 891 81 606 0 261 831 713 715 546 45 442 419 329 55 48 269 49 545 141 521 141 353 696 728 66 836 904 631 872 328 23 341 365 446 867 106 125 572 239 404 716 962 861 577 655 827 332 253 495 114 420 192 307 796 948 273 592 120 785 989 497 822 125 321 100 258 912 438 696 42 845 867 746 127 150 757 984 556 172 305 695 316 562 822 60 451 780 140 867 429 739 555 103 57 520 613 712 475 770 545 831 214 321 959 542 474 445 372 799 643 899 688 328 189 931 756 192 602 407 398 536 959 140 932 666 660 705 103 851 454 306 279 491 545 287 292 46 104 52 526 348 740 433 439 764 900 152 874 120 914 214 104 529 659 414 554 521 932
517 552 716 873 704 707 961 431 667 920 558 276 261 137 261 0 76 106 694 928 290 778 272 846 913 674 134 996 285 95 677 728 800 392 183 590 183 236 200 76 922 515 495 733 962 32 999 49 960 415 457 70 881 681 340 887 564 795 529 962 285 373 62 689 857 19 937 425 616 620 504 171 975 324 286 221 266 284 765 608 802 305 59 682 381 544 199 163 99 505 10 201 84 68 581 686 312 906 226 595 129 100 534 68 47 190 745 414 720 709 151 125 837 327 578 445 565 330 45 23 341 96 64 840 559 993 712 369 60 877 867 436 844 430 982 137 144 264 863 677 331 899 174 868 467 833 931 702 102 790 75 661 168 856 524 939 408 719 536 164 562 81 226 68 478 394 404 982 539
99 672 902 702 342 271 684 441 676 674 290 636 35 208 831 76 0 827 895 626 339 351 970 379 559 723 245 632 557 69 191 926 588 265 613 949 533 954 268 914 328 993 71 22 953 638 557 941 346 554 113 153 522 245 649 260 288 791 573 84 834 408 246 802 599 13 723 165 905 796 475 157 420 913 565 865 674 957 692 563 634 704 461 715 447 776 791 242 213 980 527 482 399 531 482 401 897 494 287 824 644 658 597 477 580 147 496 983 179 907 518 704 826 589 469 611 459 690 915 491 841 177 454 780 410 870 446 203 529 725 830 945 724 437 518 147 937 32 941 681 749 694 470 843 39 135 285 759 741 228 899 794 25 202 938 190 682 293 604 435 466 826 62 881 110 334 577 221 176
954 757 85 813 502 774 353 677 787 573 443 562 938 87 713 106 827 0 434 324 222 504 518 124 561 364 14 781 851 498 912 584 62 720 937 667 318 606 664 223 885 647 353 55 631 629 512 117 52 823 358 938 486 452 876 695 485 696 683 226 164 35 230 552 993 716 655 974 852 743 855 278 206 427 213 315 343 652 809 968 935 663 345 201 459 960 229 823 932 591 282 602 792 596 671 948 291 518 113 1000 294 205 682 439 500 505 338 157 518 760 238 737 991 859 169 677 113 399 712 302 266 843 985 592 349 529 411 672 629 144 449 622 207 484 653 59 923 299 518 657 329 518 958 43 78 529 952 823 51 516 686 361 142 904 79 297 566 526 687 425 642 358 796 855 100 25 655 702 350
991 302 932 239 423 526 531 508 619 747 592 697 523 224 715 694 895 434 0 610 381 533 775 140 466 524 334 933 603 379 354 75 665 614 118 225 979 930 628 513 475 361 15 686 785 292 568 662 537 679 454 249 594 472 349 721 562 302 325 826 619 554 611 239 753 427 963 727 981 747 683 175 607 321 986 766 476 855 731 218 293 61 346 345 504 636 50 59 546 380 144 838 250 997 784 804 749 778 79 951 336 267 607 805 946 477 287 218 809 911 390 622 853 437 539 894 275 564 359 316 364 61 236 546 192 622 179 108 636 111 506 986 236 958 85 227 78 156 445 600 961 160 424 777 590 901 425 826 518 945 83 395 308 944 671 154 341 491 394 699 431 473 55 314 212 215 80 763 595
195 244 351 715 156 579 979 658 450 164 940 162 941 222 546 928 626 324 610 0 591 501 482 409 233 352 609 582 406 214 181 400 108 899 781 244 355 416 179 605 129 991 521 66 36 440 958 918 139 353 799 915 886 87 70 425 176 452 48 182 101 371 933 361 936 223 178 283 666 117 614 1000 880 296 958 82 496 556 550 266 992 440 405 246 158 742 77 541 887 38 288 383 449 500 85 935 363 920 220 280 189 685 540 725 63 637 854 455 595 952 596 150 977 899 738 797 91 553 908 48 690 611 480 280 699 661 866 352 259 595 435 721 937 868 645 139 274 981 358 345 289 93 705 920 777 14 407 755 673 886 489 515 105 48 660 597 124 721 742 788 681 831 249 365 339 484 479 199 297
292 42 349 505 139 69 494 954 864 710 475 554 94 110 45 290 339 222 381 591 0 150 956 78 797 513 253 628 854 142 884 358 18 849 930 10 817 691 272 14 659 544 136 906 650 358 364 77 374 773 207 915 825 223 611 165 529 691 616 176 784 421 64 508 458 619 199 220 475 289 308 139 837 691 251 561 336 14 671 697 127 741 480 652 407 203 575 152 641 993 139 822 828 228 376 632 359 220 662 735 678 731 921 675 549 240 112 808 142 727 975 485 223 247 406 261 996 537 477 487 679 796 760 770 659 717 867 165 436 477 856 941 172 361 431 166 715 386 487 251 985 180 331 479 32 16 792 330 434 939 131 368 44 453 359 397 137 378 390 807 14 613 69 738 405 199 544 170 623
660 807 276 401 582 182 735 639 725 357 34 337 63 194 442 778 351 504 533 501 150 0 636 641 770 641 328 82 770 341 884 804 562 292 968 647 266 981 216 270 674 345 553 727 626 684 33 444 34 542 673 221 519 556 510 283 908 795 103 365 327 664 947 869 765 350 852 678 185 453 376 280 236 202 349 900 743 233 697 316 486 587 727 126 430 220 247 752 728 515 923 353 25 815 756 999 258 808 80 258 832 871 361 555 227 634 412 951 858 145 18 341 753 719 380 78 898 927 453 731 787 785 328 471 38 786 519 213 987 179 313 210 630 937 94 150 599 423 807 345 342 336 301 533 375 89 107 373 754 531 626 69 74 609 608 968 881 865 558 290 269 111 360 563 123 939 704 779 55
560 505 379 20 733 614 556 257 257 364 110 593 505 95 419 272 970 518 775 482 956 636 0 599 227 305 252 527 219 740 775 282 530 757 77 631 572 156 948 426 79 715 227 92 651 409 462 49 275 427 827 571 219 648 303 658 237 152 431 499 174 229 894 149 387 613 63 395 871 891 415 779 182 824 255 321 401 601 444 153 857 655 901 151 307 117 530 751 829 285 847 503 123 21 23 872 16 741 266 986 943 82 178 509 392 970 492 241 890 88 221 504 589 530 497 555 360 911 349 822 395 462 532 286 358 372 189 169 842 938 147 107 207 539 951 515 644 381 261 54 882 275 384 58 439 249 750 619 486 80 351 414 496 715 369 367 785 657 175 438 641 141 423 551 397 780 775 23 547
795 171 536 596 497 602 198 449 620 125 787 159 890 375 329 846 379 124 140 409 78 641 599 0 885 384 678 547 839 909 396 649 258 999 624 192 25 836 808 973 814 43 571 439 306 537 899 188 995 254 564 607 944 107 315 297 758 901 104 911 37 964 699 236 415 673 61 183 582 367 429 954 189 930 897 234 263 212 781 792 120 802 195 554 298 989 549 629 814 746 183 513 585 819 983 293 68 28 209 946 112 602 586 21 43 599 901 696 639 52 117 463 304 153 60 58 248 388 253 119 982 756 963 509 14 297 147 836 275 746 869 495 949 872 607 632 842 563 683 364 15 942 489 353 801 271 975 350 374 169 223 51 138 859 164 794 574 984 376 516 272 428 142 791 77 551 571 263 552
16 112 58 68 81 522 543 996 191 634 904 458 950 718 55 913 559 561 466 233 797 770 227 885 0 730 72 935 122 637 431 201 130 413 241 928 40 544 468 533 718 941 721 231 291 672 830 905 69 332 913 978 789 906 514 71 950 630 429 26 21 559 94 74 283 649 565 590 915 103 388 239 59 527 245 669 744 30 390 322 276 405 72 355 33 49 163 764 870 615 142 124 170 273 415 785 464 484 838 977 175 403 224 117 588 338 11 298 923 177 461 193 274 40 528 331 270 1000 488 430 622 116 263 615 657 277 766 87 961 507 917 150 503 657 165 63 264 512 530 795 864 700 190 88 825 251 939 419 38 417 527 574 868 716 557 507 585 178 268 935 649 905 611 443 260 122 280 35 754
497 486 940 962 682 46 108 378 906 610 90 718 430 568 48 674 723 364 524 352 513 641 305 384 730 0 634 136 275 920 614 730 134 45 675 137 916 34 798 674 235 304 483 683 88 241 183 593 254 693 443 782 12 738 990 959 739 804 208 146 802 266 340 350 330 954 172 315 648 604 686 176 176 61 177 876 90 691 962 767 216 197 890 110 432 126 995 350 836 254 855 380 514 105 322 793 727 598 922 530 756 728 805 228 330 856 555 943 946 647 378 549 91 51 20 609 31 525 526 730 83 698 258 703 242 30 209 408 313 465 761 446 483 308 727 322 716 56 424 376 599 667 58 833 939 180 773 314 941 917 589 609 147 517 719 967 475 205 914 912 935 582 748 698 914 751 452 402 608
229 207 581 157 787 957 857 801 394 97 409 238 398 428 269 134 245 14 334 609 253 328 252 678 72 634 0 96 266 66 458 716 842 813 243 486 229 246 477 972 665 682 996 116 625 301 342 46 233 579 642 302 307 747 192 782 613 940 213 811 506 835 83 63 883 309 883 480 349 985 609 726 729 14 679 737 220 618 371 289 346 318 889 260 854 283 841 32 124 907 301 402 474 987 828 399 858 950 171 325 262 217 595 894 920 411 433 383 781 381 597 712 498 54 997 882 454 642 313 146 220 723 496 747 56 119 780 309 287 319 640 159 872 433 144 672 341 938 820 533 743 52 114 368 476 822 300 240 187 879 612 43 624 239 443 951 461 885 908 427 899 788 675 417 390 279 651 501 529
636 835 161 258 178 617 811 170 906 218 842 402 843 133 49 996 632 781 933 582 628 82 527 547 935 136 96 0 969 12 985 633 119 605 494 204 358 509 879 865 574 607 480 78 554 389 453 564 840 275 579 862 51 920 244 803 194 859 197 981 235 334 712 464 560 989 540 629 389 26 526 175 244 62 672 669 856 675 660 101 17 417 700 14 776 279 14 676 202 89 189 728 692 434 169 629 806 508 203 866 409 514 864 23 33 153 112 187 93 76 18 80 72 115 854 570 190 257 980 200 990 25 934 735 615 446 33 81 564 829 664 24 838 611 524 866 198 488 904 232 118 608 71 656 603 920 503 467 792 620 152 771 216 988 911 260 771 180 960 458 801 797 459 352 100 710 367 429 410
992 133 489 643 537 241 685 493 849 835 670 609 774 976 545 285 557 851 603 406 854 770 219 839 122 275 266 969 0 190 640 80 100 700 942 272 695 96 370 602 888 563 964 598 52 621 402 984 934 507 466 325 90 942 868 331 257 668 49 60 244 339 700 936 920 194 211 655 581 767 945 81 791 88 680 474 491 91 649 665 13 274 813 463 234 973 121 191 129 63 145 782 750 29 711 15 740 809 134 139 533 645 104 752 575 971 989 331 582 405 560 875 940 431 354 455 466 674 436 912 59 24 176 681 324 386 184 597 902 883 544 675 48 310 71 956 407 224 830 423 193 236 807 424 477 48 347 724 51 117 36 332 697 991 539 911 223 663 266 13 186 490 521 14 805 213 57 50 306
150 784 386 420 771 519 578 32 254 474 337 805 517 123 141 95 69 498 379 214 142 341 740 909 637 920 66 12 190 0 971 107 797 745 909 96 111 547 828 466 845 102 729 859 646 833 399 322 852 318 683 519 726 570 870 145 928 609 880 675 414 393 249 342 419 382 940 123 976 989 766 403 240 360 757 162 368 765 381 240 24 560 455 398 851 456 278 296 274 796 886 596 207 279 949 894 466 392 999 861 125 834 378 454 776 657 844 69 322 402 964 337 67 635 742 474 225 209 766 686 293 466 841 316 457 281 227 927 494 378 873 996 215 334 262 426 621 321 906 848 804 883 420 14 158 120 609 772 449 801 443 518 790 922 456 117 36 595 773 806 684 729 692 975 672 25 359 238 745
85 646 127 82 904 392 394 604 413 367 857 622 468 543 521 677 191 912 354 181 884 884 775 396 431 614 458 985 640 971 0 892 269 474 717 483 845 123 615 393 950 505 580 464 284 578 586 686 966 280 743 630 461 508 417 197 168 920 794 623 615 473 905 375 966 702 144 596 281 957 422 449 713 980 229 739 296 338 229 900 139 341 701 651 915 566 250 717 369 372 503 970 282 239 475 75 621 572 881 959 778 702 701 558 942 547 440 507 859 175 322 654 758 171 562 768 532 86 493 678 16 654 674 891 791 451 93 227 277 706 609 406 23 43 210 62 933 711 703 216 318 387 750 359 932 500 262 723 417 436 494 799 369 762 660 772 170 924 851 543 161 775 173 527 405 81 753 904 964
12 626 408 982 47 363 162 182 516 754 657 531 279 458 141 728 926 584 75 400 358 804 282 649 201 730 716 633 80 107 892 0 994 549 920 91 662 800 781 899 515 961 300 375 484 60 877 973 197 525 249 742 310 635 392 681 714 479 462 519 264 45 932 315 892 406 226 221 523 709 957 528 925 766 934 885 79 571 26 423 484 503 429 263 342 751 39 236 671 966 424 389 266 59 325 694 137 786 603 532 32 395 553 492 614 978 699 861 933 468 467 321 1000 324 803 894 80 829 368 897 626 246 24 129 943 816 238 358 299 375 881 497 89 903 419 773 846 832 800 758 83 289 216 67 789 740 768 623 489 849 490 163 767 10 635 562 136 367 80 517 128 557 936 264 353 480 403 816 385
816 706 686 615 433 487 226 843 62 902 958 274 32 794 353 800 588 62 665 108 18 562 530 258 130 134 842 119 100 797 269 994 0 765 19 827 59 319 819 534 186 644 286 249 541 906 401 695 630 66 205 42 440 900 265 778 863 725 436 955 62 760 973 263 356 319 425 449 233 393 996 700 153 176 679 149 976 979 242 421 445 374 849 939 713 965 863 19 410 619 40 665 72 121 487 927 262 895 410 824 902 673 103 818 959 40 487 509 641 37 212 425 708 844 356 435 633 533 120 723 927 17 355 315 227 58 830 564 336 718 719 707 704 554 154 584 409 506 940 686 300 643 202 521 727 64 610 513 661 800 823 959 195 209 314 323 884 446 748 556 239 364 767 883 356 302 516 896 303
901 259 822 407 264 926 42 904 904 960 92 400 134 559 696 392 265 720 614 899 849 292 757 999 413 45 813 605 700 745 474 549 765 0 483 833 586 674 337 185 813 81 808 435 49 487 593 509 505 620 261 848 323 190 477 426 47 194 98 960 154 980 920 939 291 891 678 392 603 202 757 552 878 452 93 30 504 416 955 684 953 833 520 23 443 913 488 323 918 589 241 544 115 764 705 317 598 791 916 964 122 873 424 200 88 647 961 575 947 765 408 266 117 992 816 181 945 485 577 398 361 611 869 395 90 751 343 344 414 844 477 777 542 794 399 172 957 343 458 437 721 424 194 266 764 408 884 304 126 661 802 463 188 176 824 775 11 986 510 174 715 751 513 88 466 663 108 602 420
728 120 941 564 902 962 336 536 217 177 907 983 187 610 728 183 613 937 118 781 930 968 77 624 241 675 243 494 942 909 717 920 19 483 0 52 853 942 579 551 258 907 189 981 606 944 852 646 782 455 841 391 798 697 409 604 643 929 623 13 68 889 460 164 555 647 940 116 626 799 700 814 520 589 817 734 136 85 227 853 418 43 138 945 411 373 71 833 21 329 572 803 707 657 218 366 60 582 635 202 999 93 662 184 312 50 348 466 165 305 611 689 819 861 861 381 439 201 106 173 756 175 639 293 576 73 378 299 288 288 784 182 650 225 200 373 965 983 281 784 233 467 392 509 637 966 402 464 712 611 200 669 767 223 554 641 513 426 940 409 257 510 78 234 286 739 590 120 670
344 264 748 983 196 66 716 285 522 635 198 978 206 466 66 590 949 667 225 244 10 647 631 192 928 137 486 204 272 96 483 91 827 833 52 0 697 52 909 658 450 745 940 452 625 950 985 279 103 123 314 886 604 520 85 649 228 115 466 250 761 32 896 441 797 786 962 708 310 11 282 322 520 139 808 379 442 33 514 279 923 689 173 773 932 221 128 625 800 19 15 497 304 826 70 943 73 310 270 552 255 255 291 212 322 737 237 820 182 741 354 87 505 818 392 973 365 485 882 802 373 988 484 803 35 32 948 844 109 788 142 407 973 166 719 836 200 97 230 823 541 797 252 373 853 513 662 897 227 626 233 472 710 200 639 973 741 942 329 676 435 241 195 734 318 603 594 713 688
363 579 455 459 464 814 424 837 368 238 551 50 525 337 836 183 533 318 979 355 817 266 572 25 40 916 229 358 695 111 845 662 59 586 853 697 0 512 864 664 76 830 858 441 454 914 693 660 248 909 40 638 529 335 590 701 831 319 127 610 618 772 173 22 387 743 707 11 787 250 942 460 171 678 572 836 876 152 679 808 885 356 701 51 36 658 367 601 230 343 634 578 770 189 363 771 610 963 563 90 281 268 480 461 625 883 229 988 370 698 872 61 924 858 355 52 158 520 930 420 649 608 685 571 354 415 365 620 308 537 122 579 938 27 657 747 387 673 705 476 818 117 698 174 943 711 805 877 540 225 129 400 877 530 40 179 68 660 441 409 305 710 441 709 433 591 439 732 625
192 515 501 775 598 82 712 738 863 818 618 918 977 210 904 236 954 606 930 416 691 981 156 836 544 34 246 509 96 547 123 800 319 674 942 52 512 0 400 214 517 645 283 307 915 429 256 672 547 844 91 144 339 707 797 538 251 445 264 358 345 47 907 875 578 104 205 123 652 935 53 143 249 739 620 748 790 27 495 809 972 903 993 883 11 895 600 958 258 544 399 754 545 141 50 725 55 293 497 270 918 556 57 377 806 831 818 902 930 510 761 196 775 624 591 801 518 37 764 892 322 951 227 37 161 345 231 460 39 476 408 320 590 871 764 847 383 606 21 969 357 194 827 447 565 687 971 985 293 996 198 867 917 715 576 896 828 791 749 138 358 637 539 625 978 402 426 907 888
11 119 322 770 638 309 951 374 388 28 233 529 344 484 631 200 268 664 628 179 272 216 948 808 468 798 477 879 370 828 615 781 819 337 579 909 864 400 0 164 681 14 967 518 704 539 815 435 850 81 442 971 478 435 562 836 199 663 760 221 425 42 719 23 210 853 47 981 277 433 757 25 571 233 869 228 354 525 297 227 439 255 616 335 746 669 32 668 658 532 824 348 788 11 382 396 28 808 147 923 97 646 874 767 839 359 245 168 233 48 27 106 73 122 270 738 179 322 428 194 669 403 11 153 336 982 856 339 513 474 685 492 421 754 344 134 794 370 335 924 116 121 18 107 307 612 261 648 842 914 865 170 481 289 550 300 856 351 927 489 721 34 793 616 72 449 883 758 401
646 337 422 349 689 873 843 525 31 639 351 371 748 19 872 76 914 223 513 605 14 270 426 973 533 674 972 865 602 466 393 899 534 185 551 658 664 214 164 0 356 196 328 134 648 722 520 944 324 817 284 349 231 103 514 513 458 411 819 186 709 259 839 842 516 495 782 939 380 96 387 483 339 976 389 272 709 793 673 516 793 988 124 117 152 129 940 351 967 765 127 266 599 557 212 657 784 803 337 775 48 31 905 455 393 987 471 278 454 116 407 92 167 178 798 571 369 633 351 338 637 747 64 459 935 944 290 25 781 643 558 921 485 38 979 403 357 975 806 422 157 822 857 120 302 115 324 852 787 986 29 934 771 956 858 764 245 245 552 718 568 64 405 628 534 964 279 911 464
205 904 725 130 794 663 700 171 507 143 755 471 723 264 328 922 328 885 475 129 659 674 79 814 718 235 665 574 888 845 950 515 186 813 258 450 76 517 681 356 0 692 777 756 252 184 64 899 164 146 718 484 538 202 365 645 404 306 861 622 901 733 688 551 542 685 367 427 218 100 237 131 125 333 72 268 71 863 684 357 129 759 601 327 938 435 820 615 606 919 192 455 401 681 374 382 768 169 776 624 613 361 866 715 472 691 606 429 616 507 83 106 895 770 524 196 936 490 182 283 278 145 542 88 381 764 227 105 462 826 864 91 52 408 882 831 150 307 462 722 940 366 290 814 469 712 397 86 33 287 683 756 934 775 618 516 957 910 801 50 88 641 534 547 486 417 423 223 133
946 504 197 14 840 939 161 90 401 605 113 463 360 172 23 515 993 647 361 991 544 345 715 43 941 304 682 607 563 102 505 961 644 81 907 745 830 645 14 196 692 0 264 796 285 357 101 952 920 593 416 697 879 626 586 814 503 813 834 501 328 205 725 274 98 570 756 675 959 673 193 499 285 362 825 168 981 358 851 261 687 25 25 207 687 368 49 280 48 857 838 113 146 939 907 122 811 626 897 273 360 263 316 277 568 526 817 983 33 72 862 686 666 439 51 172 887 549 394 932 313 110 640 309 332 979 540 97 390 150 245 306 736 605 925 100 415 613 178 686 651 299 646 543 36 375 149 87 28 977 765 655 838 546 331 803 994 111 524 347 79 882 956 631 68 659 945 791 533
30 393 407 994 273 424 456 601 548 354 975 911 190 222 341 495 71 353 15 521 136 553 227 571 721 483 996 480 964 729 580 300 286 808 189 940 858 283 967 328 777 264 0 645 400 521 125 269 846 763 261 717 708 515 183 647 793 490 440 870 591 26 79 691 112 834 51 856 349 107 305 252 580 408 246 446 997 596 793 774 417 415 291 530 217 208 487 728 801 514 553 107 267 496 271 141 314 851 481 41 161 541 994 369 764 189 196 80 673 866 89 219 136 750 215 369 507 163 226 353 55 809 173 19 805 781 582 16 198 781 430 666 693 51 952 344 610 840 875 583 445 485 776 539 957 316 583 103 335 699 859 454 972 957 296 565 929 873 172 179 258 507 617 143 168 861 896 564 478
472 248 641 811 262 490 54 104 302 697 861 338 455 161 365 733 22 55 686 66 906 727 92 439 231 683 116 78 598 859 464 375 249 435 981 452 441 307 518 134 756 796 645 0 512 509 525 160 356 192 775 371 87 433 728 35 423 366 114 726 649 550 494 401 483 26 531 185 721 458 714 24 755 289 536 925 805 707 893 994 176 324 562 707 829 212 430 666 318 156 640 800 217 546 222 11 576 486 830 349 672 484 946 523 448 284 992 65 527 593 210 947 423 686 733 907 886 706 633 112 237 579 581 321 272 948 160 579 850 421 416 900 959 548 906 710 358 980 346 920 607 620 546 301 585 598 408 607 936 876 176 170 838 627 553 973 508 30 669 459 737 451 460 480 57 996 823 403 756
125 366 656 406 363 26 262 494 851 781 573 699 863 385 446 962 953 631 785 36 650 626 651 306 291 88 625 554 52 646 284 484 541 49 606 625 454 915 704 648 252 285 400 512 0 619 176 624 745 168 41 200 29 274 211 94 559 351 371 388 960 311 901 106 772 343 175 668 485 249 675 491 779 935 355 111 610 580 489 885 23 346 671 699 846 72 393 97 537 907 509 880 175 257 416 814 718 201 917 126 498 874 898 92 644 164 820 73 807 12 864 37 323 269 543 978 426 808 710 66 212 635 993 267 299 947 747 733 692 946 406 890 611 388 582 673 463 346 236 562 630 368 652 694 784 657 971 409 605 179 307 596 101 85 297 852 920 339 124 777 195 74 722 150 329 182 657 815 233
356 724 92 123 316 128 500 243 107 504 240 795 356 564 867 32 638 629 292 440 358 684 409 537 672 241 301 389 621 833 578 60 906 487 944 950 914 429 539 722 184 357 521 509 619 0 228 82 389 726 473 664 468 278 239 451 294 759 508 772 532 301 827 934 740 962 640 670 87 230 886 440 785 661 773 388 975 819 654 995 70 111 958 260 426 842 985 737 639 211 802 305 212 327 825 996 23 12 165 429 919 80 563 540 295 458 152 851 331 380 323 643 312 956 135 361 835 472 234 536 358 564 528 859 363 250 193 958 353 955 551 533 143 54 720 262 88 932 81 790 415 891 781 251 704 302 302 394 52 444 683 233 14 862 469 604 100 856 261 666 134 155 672 855 199 379 136 472 737
441 295 160 789 338 481 670 436 104 501 423 625 499 271 106 999 557 512 568 958 364 33 462 899 830 183 342 453 402 399 586 877 401 593 852 985 693 256 815 520 64 101 125 525 176 228 0 82 841 46 759 109 969 509 211 643 995 595 664 15 975 574 977 951 68 526 546 120 29 485 736 804 76 393 253 506 227 776 25 402 185 778 491 807 680 581 670 630 371 699 968 47 773 696 350 503 39 221 278 149 354 529 201 462 338 329 168 330 98 622 692 915 65 48 574 659 82 28 662 184 307 530 635 221 874 938 970 336 650 472 371 535 688 823 256 368 304 88 47 226 639 398 788 372 215 144 855 342 222 269 98 504 454 10 910 38 57 411 689 438 955 465 647 211 64 731 823 486 337
215 828 253 756 814 215 460 323 475 731 139 136 842 943 125 49 941 117 662 918 77 444 49 188 905 593 46 564 984 322 686 973 695 509 646 279 660 672 435 944 899 952 269 160 624 82 82 0 726 297 613 703 146 238 837 839 395 122 94 292 708 877 971 946 712 663 388 767 735 454 707 101 499 777 814 756 337 866 751 315 653 555 711 963 345 260 271 585 223 988 887 53 347 219 584 198 273 287 810 670 34 845 207 750 648 25 27 16 530 380 111 45 802 127 240 924 665 118 589 110 320 69 655 138 209 581 316 783 841 618 499 371 336 201 447 125 440 347 955 536 251 807 371 414 332 320 87 550 477 607 245 160 911 539 29 408 422 963 638 199 991 627 869 874 411 60 89 951 977
470 825 602 726 91 881 45 201 589 253 839 678 212 395 572 960 346 52 537 139 374 34 275 995 69 254 233 840 934 852 966 197 630 505 782 103 248 547 850 324 164 920 846 356 745 389 841 726 0 519 911 573 197 331 633 278 971 814 469 771 938 612 606 74 459 152 645 485 345 942 900 447 932 639 20 363 674 688 136 926 352 924 223 216 278 608 903 755 994 992 455 788 808 261 402 233 801 128 997 882 635 663 577 443 505 25 798 191 928 663 801 528 826 362 355 28 620 939 227 191 887 625 454 747 462 112 955 628 247 977 227 869 515 319 450 552 41 527 16 974 287 796 504 503 502 361 911 147 119 118 869 599 378 915 664 254 524 886 956 586 461 927 307 118 947 55 808 765 956
740 177 933 974 619 516 91 954 32 391 741 940 471 78 239 415 554 823 679 353 773 542 427 254 332 693 579 275 507 318 280 525 66 620 455 123 909 844 81 817 146 593 763 192 168 726 46 297 519 0 229 784 578 363 839 96 479 723 118 727 131 929 590 650 759 679 934 164 931 360 252 961 145 38 244 71 711 984 43 583 418 356 400 826 778 872 532 312 502 120 900 236 715 877 18 527 499 619 376 19 496 229 264 789 41 724 693 297 989 18 472 335 514 842 709 599 592 248 703 457 677 848 302 435 321 581 123 796 51 190 202 167 382 864 973 747 583 389 659 741 214 477 264 736 630 97 678 866 613 489 770 195 865 625 815 701 896 73 478 311 482 928 960 761 544 676 367 165 915
253 454 370 840 449 621 178 929 316 558 738 266 259 504 404 457 113 358 454 799 207 673 827 564 913 443 642 579 466 683 743 249 205 261 841 314 40 91 442 284 718 416 261 775 41 473 759 613 911 229 0 84 648 23 309 119 988 454 604 168 115 74 293 81 189 858 944 754 85 186 945 523 585 352 889 557 493 417 126 292 298 943 366 397 113 536 274 758 874 56 677 484 116 489 99 917 835 276 476 189 163 172 927 649 990 596 796 515 829 12 992 105 650 582 733 72 910 167 369 923 445 336 382 875 471 749 209 669 581 126 949 286 108 352 232 559 339 916 365 961 997 567 569 315 953 173 184 112 249 118 735 103 107 94 670 803 985 313 732 680 578 802 981 161 412 784 399 987 257
696 262 391 739 473 846 10 846 473 887 926 343 712 463 716 70 153 938 249 915 915 221 571 607 978 782 302 862 325 519 630 742 42 848 391 886 638 144 971 349 484 697 717 371 200 664 109 703 573 784 84 0 788 60 181 845 659 106 324 355 282 591 308 174 455 928 460 22 793 134 628 125 362 518 567 53 354 688 363 327 429 227 929 113 869 881 302 427 330 932 531 696 751 42 401 409 211 207 725 201 323 136 261 698 91 711 684 884 413 916 408 197 297 671 570 163 1000 579 995 490 925 690 583 646 62 74 675 220 105 779 24 594 804 126 254 220 858 259 93 316 795 41 671 281 176 890 415 978 501 286 118 768 901 186 247 705 846 500 44 988 796 991 533 303 700 798 939 463 290
766 937 253 890 470 842 81 830 534 804 80 130 673 711 962 881 522 486 594 886 825 519 219 944 789 12 307 51 90 726 461 310 440 323 798 604 529 339 478 231 538 879 708 87 29 468 969 146 197 578 648 788 0 737 301 960 846 366 922 653 700 290 176 30 642 778 82 786 642 186 773 406 231 601 952 884 298 790 797 373 251 491 926 648 864 628 578 923 185 929 137 394 364 534 545 40 731 919 484 715 916 185 273 243 607 745 702 267 510 938 477 698 37 630 467 715 971 770 52 828 124 643 792 830 127 262 918 995 554 762 999 513 327 243 505 538 372 324 276 234 194 241 160 283 265 837 511 391 161 410 290 207 237 384 598 548 976 774 686 726 442 159 216 111 324 239 782 860 926
346 499 597 185 775 277 203 141 594 524 641 47 953 658 861 681 245 452 472 87 223 556 648 107 906 738 747 920 942 570 508 635 900 190 697 520 335 707 435 103 202 626 515 433 274 278 509 238 331 363 23 60 737 0 402 708 544 410 290 765 885 585 939 505 68 486 463 662 648 136 949 926 871 248 167 81 742 513 566 393 223 893 938 964 16 566 456 287 41 416 213 374 821 603 197 524 984 742 487 798 713 946 833 970 899 480 515 649 1000 823 653 683 90 144 162 609 340 704 549 175 837 21 589 386 182 111 213 376 258 926 334 628 231 607 445 716 886 309 394 875 976 256 984 760 993 262 116 245 235 54 994 420 932 565 659 133 905 438 164 571 657 328 327 319 22 166 603 399 451
512 84 398 538 889 862 388 333 927 202 26 272 663 648 577 340 649 876 349 70 611 510 303 315 514 990 192 244 868 870 417 392 265 477 409 85 590 797 562 514 365 586 183 728 211 239 211 837 633 839 309 181 301 402 0 786 687 163 460 856 713 424 261 327 973 971 829 791 601 131 809 870 463 484 200 272 453 953 109 744 340 433 351 798 98 485 246 882 461 86 357 333 900 35 540 425 775 489 390 564 541 798 559 248 338 998 595 798 163 470 589 278 392 325 258 443 910 955 230 380 747 520 683 492 20 325 181 900 422 677 514 559 360 38 899 84 981 556 706 415 867 178 406 52 837 394 729 488 470 963 982 935 290 324 60 1000 545 747 223 713 816 385 694 869 471 401 110 541 975
171 13 522 597 786 206 681 451 439 897 75 461 88 162 655 887 260 695 721 425 165 283 658 297 71 959 782 803 331 145 197 681 778 426 604 649 701 538 836 513 645 814 647 35 94 451 643 839 278 96 119 845 960 708 786 0 285 923 651 685 763 649 843 157 68 242 168 351 217 260 418 261 337 331 383 746 872 789 955 261 320 228 186 297 138 300 832 229 136 44 767 697 43 424 970 206 918 526 140 739 625 552 224 21 387 788 125 707 954 713 914 11 774 736 648 172 500 199 784 438 306 873 861 35 598 145 820 998 258 187 380 602 956 953 336 901 425 109 666 367 274 585 747 318 12 878 868 215 270 432 133 311 855 397 409 621 346 823 402 622 393 792 476 609 230 743 619 717 691
371 353 344 781 190 48 964 632 690 512 659 697 155 879 827 564 288 485 562 176 529 908 237 758 950 739 613 194 257 928 168 714 863 47 643 228 831 251 199 458 404 503 793 423 559 294 995 395 971 479 988 659 846 544 687 285 0 86 821 175 792 592 609 412 144 669 953 436 825 413 778 253 200 990 253 51 384 927 506 128 103 914 370 894 740 189 301 592 829 988 534 982 385 913 728 407 761 339 68 85 62 889 738 487 993 715 902 968 201 774 661 110 113 12 721 225 841 819 73 214 227 222 793 135 842 248 831 516 124 448 546 231 100 454 875 864 515 936 501 724 991 951 235 62 422 278 946 589 95 703 742 494 807 640 680 584 530 797 370 813 200 812 502 950 974 332 431 893 500
310 357 769 984 881 486 995 289 105 711 12 801 664 161 332 795 791 696 302 452 691 795 152 901 630 804 940 859 668 609 920 479 725 194 929 115 319 445 663 411 306 813 490 366 351 759 595 122 814 723 454 106 366 410 163 923 86 0 676 491 97 154 100 766 625 811 923 967 98 667 91 825 519 432 292 143 228 859 736 14 758 623 386 706 562 265 509 442 243 420 542 702 347 69 163 612 824 694 791 116 544 687 689 261 452 592 302 488 177 488 498 386 259 993 828 987 693 310 273 830 712 939 444 299 734 189 121 632 584 611 512 507 390 295 498 305 860 877 288 632 901 974 93 375 303 270 468 943 987 313 877 460 932 993 584 309 801 579 886 74 27 916 940 335 115 345 795 335 976
460 778 791 381 702 875 332 757 989 436 365 221 309 438 253 529 573 683 325 48 616 103 431 104 429 208 213 197 49 880 794 462 436 98 623 466 127 264 760 819 861 834 440 114 371 508 664 94 469 118 604 324 922 290 460 651 821 676 0 214 899 773 847 724 180 352 18 160 506 423 401 413 337 811 29 841 817 442 395 340 939 888 566 735 952 170 376 521 747 697 300 131 616 967 820 757 161 301 560 513 793 356 44 711 911 710 37 418 548 312 425 404 668 802 239 962 452 549 133 900 475 46 853 758 285 839 594 590 553 597 566 953 48 47 180 615 730 216 730 236 33 16 831 160 345 919 784 760 47 616 228 331 529 241 625 568 169 874 707 450 135 908 630 500 307 616 624 602 164
128 586 622 577 413 863 292 334 128 317 478 859 426 384 495 962 84 226 826 182 176 365 499 911 26 146 811 981 60 675 623 519 955 960 13 250 610 358 221 186 622 501 870 726 388 772 15 292 771 727 168 355 653 765 856 685 175 491 214 0 710 152 943 519 125 733 559 192 305 86 358 679 795 821 546 148 759 178 368 674 129 417 842 942 678 540 429 447 367 521 611 207 353 317 867 96 109 714 848 953 437 985 929 521 247 67 474 86 594 266 582 181 797 915 635 536 472 919 771 593 695 807 811 697 438 602 659 994 815 716 627 307 849 794 746 865 69 771 768 987 863 661 217 515 375 846 79 797 664 855 164 742 317 901 523 944 690 271 258 563 507 990 894 362 455 278 268 975 39
