243
0 535 878 294 936 162 588 438 555 391 409 607 814 320 788 146 397 544 640 955 12 817 897 472 975 722 513 405 414 281 711 819 376 10 186 608 168 680 346 449 320 471 267 321 966 419 154 67 349 607 766 790 193 385 510 544 906 201 321 361 664 709 206 433 990 373 69 461 232 68 419 45 491 744 398 920 398 111 145 422 294 160 341 180 528 441 553 402 919 251 291 634 217 886 486 361 547 710 664 643 480 863 378 123 363 717 98 56 137 41 631 570 740 473 986 182 563 643 64 818 837 126 821 24 563 745 69 635 46 866 500 136 236 893 647 167 814 121 471 355 929 867 643 625 963 700 159 416 906 732 746 301 193 319 809 187 585 747 491 319 347 815 98 868 788 725 315 841 214 926 450 203 962 217 384 241 451 435 427 500 231 998 588 981 436 46 399 215 185 952 500 225 305 457 318 154 974 492 434 419 305 873 976 349 394 500 352 255 569 769 769 668 731 162 122 747 763 594 753 14 184 363 169 530 796 882 774 713 960 367 704 446 214 800 924 962 592 590 590 242 70 521 81
535 0 636 52 71 396 96 103 738 379 959 602 703 450 774 655 107 145 901 463 301 428 804 573 225 472 539 242 868 923 130 688 779 251 345 74 312 301 287 961 216 874 457 589 83 428 984 908 461 832 363 870 75 722 347 440 138 461 801 223 505 345 707 254 821 159 683 897 648 119 433 785 883 988 362 71 90 646 256 306 650 289 721 360 238 520 110 476 213 112 785 631 221 374 699 343 255 63 565 452 761 88 523 647 981 975 715 133 852 648 539 592 89 995 783 31 383 895 341 12 709 988 926 925 370 847 441 469 551 154 380 944 533 484 598 41 17 369 232 178 909 166 530 307 932 733 931 238 235 676 399 586 153 65 490 1000 884 24 605 337 123 270 377 320 606 554 695 441 331 191 91 523 892 976 968 740 828 209 112 320 531 951 966 848 831 468 628 845 696 151 130 945 910 486 711 533 167 711 567 712 712 294 171 384 232 109 485 366 757 442 637 766 47 171 443 972 656 53 735 171 227 823 606 696 145 959 852 470 922 834 400 474 857 685 837 289 427 25 880 518 640 190 836
878 636 0 23 233 248 307 539 860 942 524 358 34 250 347 352 333 40 844 454 200 533 235 979 940 845 401 637 206 195 428 825 224 532 129 911 829 238 434 352 561 588 683 738 947 119 995 903 84 298 681 487 740 663 79 432 410 868 757 926 507 75 433 864 112 421 334 168 223 177 376 798 56 418 950 401 886 650 71 739 814 623 487 322 376 430 32 424 90 422 668 842 959 656 545 435 758 362 200 613 531 29 597 478 245 606 510 170 651 815 258 918 284 118 552 584 862 969 674 642 808 47 114 999 189 229 146 144 588 161 614 519 403 320 880 342 589 485 59 364 481 512 504 978 544 492 844 57 820 727 270 835 638 544 456 689 374 307 487 307 100 545 749 744 711 432 457 542 450 576 931 594 970 520 239 378 324 160 771 954 154 917 765 268 707 237 579 907 501 124 205 113 381 508 841 553 614 315 371 326 116 466 297 683 270 508 981 366 591 176 81 799 702 506 409 886 508 484 572 697 989 982 236 40 459 665 303 719 998 329 440 322 632 678 239 766 973 583 900 323 610 845 323
294 52 23 0 758 468 991 228 697 676 766 226 120 88 576 408 925 83 509 296 384 905 706 556 858 202 709 204 637 985 363 762 27 792 94 878 219 444 550 452 565 949 775 428 709 600 779 193 538 300 395 782 498 65 596 243 731 80 523 30 243 919 830 173 514 465 475 796 693 67 983 844 29 452 937 444 411 427 770 437 74 254 163 793 89 826 687 346 280 181 575 240 98 675 342 565 276 944 965 74 587 665 406 387 48 854 731 568 834 981 583 576 328 893 971 520 72 95 470 451 211 463 691 954 358 28 629 856 275 695 230 77 702 610 940 67 960 236 692 695 460 91 445 556 473 176 549 47 674 382 439 73 173 179 820 419 574 74 209 728 660 705 433 194 155 729 251 984 11 271 957 439 603 69 332 552 528 109 616 616 522 984 692 855 805 198 669 619 671 868 73 377 430 810 874 714 104 931 853 558 943 822 327 282 707 146 468 21 222 788 885 479 935 720 301 189 562 815 406 26 660 662 157 662 921 697 995 785 99 473 954 293 241 420 146 978 686 166 902 618 358 587 927
936 71 233 758 0 25 651 22 187 429 903 400 288 887 172 250 350 851 904 219 281 316 762 546 438 54 848 665 28 792 115 54 410 380 672 557 831 603 349 601 526 59 505 10 366 691 148 987 231 721 399 281 845 847 594 172 405 347 541 271 343 729 196 730 190 93 951 655 634 725 138 143 157 72 265 330 848 931 138 499 768 764 477 156 250 590 561 624 35 203 442 978 561 150 808 810 848 174 868 461 293 643 504 958 655 298 72 718 312 619 504 801 971 637 177 280 376 133 657 158 535 275 570 136 353 463 674 238 590 850 304 79 138 419 976 241 331 474 658 958 779 121 540 97 976 674 599 995 276 618 533 581 59 220 711 466 17 786 892 280 972 573 239 371 823 426 563 379 933 832 498 625 76 683 987 582 272 500 885 125 683 215 59 167 312 910 779 300 367 610 19 936 376 977 148 622 485 179 559 417 29 817 890 850 96 692 587 13 694 554 54 394 92 36 993 743 724 623 616 581 700 1000 493 524 649 50 746 277 842 510 163 968 793 238 578 288 744 200 820 576 701 300 363
162 396 248 468 25 0 853 73 743 671 133 922 733 373 990 937 956 617 509 785 849 636 888 520 247 54 475 79 154 568 744 523 551 931 774 972 195 137 435 542 698 129 884 507 817 366 249 924 753 279 494 308 863 541 976 208 79 668 136 325 818 607 495 244 648 727 245 649 46 87 746 358 174 486 591 367 785 752 33 572 751 943 516 595 804 21 894 624 806 405 577 206 358 985 138 762 802 173 648 406 877 384 226 239 451 159 644 318 865 224 272 515 547 993 290 109 552 824 620 441 128 240 393 75 288 143 482 993 21 237 327 224 393 177 266 25 911 865 383 346 181 169 558 237 681 61 505 188 721 810 478 335 678 309 998 621 899 823 320 813 233 300 444 821 830 100 1000 870 224 490 945 163 656 969 61 801 153 552 865 733 58 468 624 161 749 663 340 272 901 708 949 333 215 812 80 39 818 82 900 748 466 431 932 321 317 978 435 194 517 698 609 966 579 770 545 596 890 825 502 614 577 546 29 248 871 704 503 518 949 20 108 802 266 869 113 881 611 353 828 943 334 797 803
588 96 307 991 651 853 0 323 922 238 54 862 336 152 576 319 881 788 730 723 359 401 341 955 559 669 833 189 199 401 230 268 316 593 340 317 119 480 81 460 93 57 738 855 129 773 361 261 213 924 459 377 828 806 697 74 70 363 737 194 236 239 183 574 914 237 400 632 963 886 678 305 325 470 375 837 154 91 641 284 481 194 447 791 815 915 786 959 80 878 644 74 372 524 426 589 11 294 668 235 545 992 519 573 832 57 716 776 171 773 717 513 844 276 871 548 698 785 514 75 859 558 306 993 255 264 638 172 942 451 585 712 117 317 473 144 708 701 736 350 665 207 224 846 753 575 936 559 425 428 105 878 286 497 219 447 243 212 12 557 300 566 939 672 147 217 914 844 172 258 725 633 548 894 236 506 219 901 885 857 806 787 251 182 681 101 163 519 488 905 439 398 62 898 644 756 439 472 369 218 264 443 951 121 818 669 876 71 741 696 99 678 309 710 342 456 856 39 958 85 822 465 844 923 217 98 347 888 784 105 185 306 63 727 265 853 100 265 114 669 14 895 385
438 103 539 228 22 73 323 0 862 958 470 69 861 260 856 869 660 718 43 77 753 839 38 254 453 203 923 291 849 365 154 626 114 923 237 917 601 541 236 552 775 410 482 456 446 716 268 795 963 276 529 627 74 84 356 68 269 741 339 645 690 423 541 985 564 753 840 206 18 860 751 816 324 444 27 752 132 414 374 375 796 942 854 677 259 246 642 208 500 676 168 804 263 227 177 647 510 974 351 313 218 905 864 175 386 408 330 789 524 539 883 995 748 294 701 974 275 891 977 96 392 595 127 275 834 405 62 900 566 802 896 257 53 574 357 879 816 807 398 604 887 569 227 926 284 14 778 199 998 386 135 616 151 146 718 381 375 14 53 303 256 149 826 871 534 342 651 510 799 499 167 947 293 227 747 139 424 17 141 108 480 342 858 755 647 737 760 963 948 832 75 676 897 477 70 230 546 556 780 349 589 516 510 48 937 638 384 390 89 821 785 400 535 795 785 192 95 604 375 88 337 805 777 914 735 987 66 688 691 370 536 671 82 835 552 909 129 67 739 996 613 154 226
555 738 860 697 187 743 922 862 0 887 802 682 456 468 822 98 273 672 242 605 721 820 682 916 336 501 65 513 47 597 686 976 762 952 954 715 530 926 322 717 299 678 155 253 275 470 295 600 804 590 672 372 636 543 919 762 994 926 325 54 304 446 16 771 724 212 505 803 779 613 454 762 163 347 67 976 839 802 202 378 50 898 496 136 514 915 508 240 928 852 270 740 378 101 807 707 367 606 422 792 838 54 225 416 755 128 653 86 194 858 283 477 994 69 742 247 170 183 865 911 478 734 428 830 424 635 623 753 334 483 643 666 63 346 476 358 176 12 476 599 945 346 936 583 558 617 504 831 690 778 376 629 610 967 259 725 870 27 866 139 808 269 359 171 393 80 864 136 374 67 899 320 349 590 845 684 919 986 317 823 891 732 577 199 661 53 623 209 948 105 325 209 291 870 373 938 711 743 388 806 361 380 522 652 548 391 702 721 22 500 141 303 217 282 373 297 851 662 960 256 745 814 660 941 161 382 344 241 807 564 504 589 683 749 82 442 593 302 656 346 677 776 554
391 379 942 676 429 671 238 958 887 0 700 924 760 764 923 152 540 501 186 660 67 15 47 535 398 919 387 70 119 148 750 855 643 558 693 319 371 407 81 533 163 890 76 419 327 58 646 772 709 87 728 782 564 278 781 661 214 1000 447 293 101 753 869 778 315 508 590 686 724 280 825 256 550 610 337 107 412 699 713 584 659 489 902 661 85 949 831 840 439 557 490 270 837 208 944 946 804 603 254 65 964 206 52 747 140 28 654 460 329 919 879 294 129 715 473 956 219 806 139 836 668 383 790 372 532 536 61 199 764 564 715 68 879 333 829 125 92 51 437 819 23 627 448 666 295 876 112 394 272 615 997 286 796 885 539 358 593 660 277 153 780 399 251 418 784 943 779 520 267 415 499 661 107 963 771 712 197 900 310 330 998 882 117 605 799 695 51 60 374 400 158 818 68 186 550 627 480 520 292 641 546 397 780 854 697 636 673 524 718 760 798 833 272 683 176 946 440 697 835 541 218 744 41 800 233 645 380 517 310 171 490 589 419 629 510 402 250 136 686 873 747 102 450
409 959 524 766 903 133 54 470 802 700 0 39 427 394 619 735 976 555 410 696 720 334 920 968 941 736 697 915 846 986 995 290 162 588 740 76 876 624 609 383 591 541 509 530 15 408 95 647 337 818 384 788 851 535 588 490 980 775 679 279 130 104 184 69 538 806 356 571 156 775 956 458 163 498 297 792 319 102 53 737 996 752 49 425 609 924 564 624 555 10 774 218 156 182 623 244 991 297 271 645 949 490 617 600 505 201 292 630 458 378 838 909 434 46 572 848 806 588 404 194 391 642 765 152 216 410 129 523 471 268 276 589 627 375 329 444 256 665 467 835 752 282 291 145 66 665 460 302 487 175 121 799 238 588 125 764 242 673 223 959 67 219 810 780 772 830 554 205 982 489 128 716 196 605 918 525 622 962 811 129 158 986 877 540 246 728 914 807 183 546 568 103 300 560 475 979 331 378 835 885 474 115 859 335 904 911 527 199 873 547 735 940 666 217 286 721 239 873 988 73 900 929 510 217 539 587 193 609 95 711 307 39 560 158 237 928 961 516 112 611 339 69 575
607 602 358 226 400 922 862 69 682 924 39 0 147 927 562 498 618 722 729 440 539 150 445 170 510 113 611 475 518 561 394 714 461 97 715 666 997 968 34 929 146 800 152 803 375 916 160 488 42 45 879 701 510 645 672 316 897 910 413 584 51 74 645 86 470 873 503 323 421 951 472 231 220 917 97 65 845 531 931 255 758 31 458 449 612 559 325 446 647 528 931 594 393 445 460 311 54 188 174 92 72 908 183 409 321 421 631 465 37 293 361 985 35 202 798 967 332 933 854 663 780 159 216 213 196 969 610 393 110 325 269 766 861 26 540 731 127 748 440 262 583 282 989 691 158 166 13 154 329 745 712 294 311 377 854 896 82 330 872 361 960 212 636 176 568 851 211 293 91 101 960 547 676 48 656 49 516 81 442 830 333 914 996 940 759 357 350 798 494 382 438 37 889 634 727 691 587 70 843 712 757 514 92 262 293 404 859 93 162 923 576 930 22 707 490 31 605 325 150 392 907 567 575 486 731 483 536 157 373 75 444 430 350 398 28 350 20 544 767 666 713 425 75
814 703 34 120 288 733 336 861 456 760 427 147 0 639 774 680 97 13 629 907 229 191 940 208 322 767 726 560 735 74 939 566 480 958 744 267 408 801 624 835 714 421 816 627 741 746 269 154 579 75 216 577 69 391 330 711 819 201 316 670 279 891 57 314 400 158 540 360 773 622 952 789 150 716 215 345 405 460 63 300 584 121 150 279 362 109 953 698 596 689 798 239 718 69 663 413 862 107 659 398 414 596 829 278 315 308 857 743 64 811 322 313 852 349 486 933 439 124 971 859 358 326 322 326 530 405 317 733 441 757 439 453 794 724 655 240 471 669 643 383 10 10 146 715 36 403 934 320 971 134 163 597 734 950 141 783 645 435 635 753 949 238 545 666 518 898 787 368 606 260 200 948 925 939 350 261 998 265 370 585 132 211 152 641 673 495 512 744 902 789 815 109 673 258 508 661 836 639 221 108 429 316 920 334 501 884 698 102 371 683 466 574 189 700 70 962 33 799 86 787 227 166 223 203 976 706 530 973 182 150 479 870 760 152 945 253 658 612 913 249 194 703 507
320 450 250 88 887 373 152 260 468 764 394 927 639 0 378 949 396 710 816 340 529 439 857 471 628 633 482 869 788 165 919 67 65 425 482 127 45 928 912 449 885 407 467 440 360 520 474 386 467 976 967 895 185 719 545 496 640 449 882 721 757 184 937 756 551 730 67 383 494 548 304 99 792 854 205 482 308 927 25 980 371 864 585 364 180 212 825 103 25 212 186 670 753 248 970 797 232 565 874 528 233 354 762 215 628 893 341 232 549 189 791 190 20 987 314 917 79 484 883 581 525 673 74 667 558 153 372 116 643 272 893 468 81 15 502 11 433 715 89 930 742 230 119 696 980 573 211 700 458 987 389 400 795 652 418 239 507 351 915 348 177 254 409 640 59 815 294 618 919 753 931 648 676 441 237 365 488 198 506 461 273 643 60 785 873 454 840 920 713 642 46 921 506 424 460 512 757 128 436 201 422 566 475 906 438 435 136 907 50 340 830 403 88 550 862 818 864 549 205 162 450 128 497 344 539 412 485 994 93 211 728 898 735 48 77 317 401 76 727 397 408 28 728
788 774 347 576 172 990 576 856 822 923 619 562 774 378 0 699 161 963 657 826 445 965 943 362 489 809 985 684 985 458 289 704 619 282 242 836 131 369 901 633 582 435 641 223 638 588 363 376 355 129 676 718 540 272 393 81 142 109 997 469 569 64 166 77 172 439 656 29 699 103 572 182 652 346 891 114 950 471 73 613 851 702 919 717 592 147 66 835 184 490 90 293 840 711 210 853 843 795 325 346 321 781 646 608 183 254 154 459 596 506 135 581 763 184 816 788 123 528 68 161 887 51 172 749 135 249 434 284 643 666 610 677 680 995 891 633 575 35 383 521 300 950 98 16 635 435 346 579 22 481 613 592 571 60 975 164 260 752 941 783 764 467 87 126 811 126 718 619 23 11 192 43 483 366 76 468 762 566 970 928 663 577 715 162 67 683 251 986 191 226 619 377 594 993 805 69 426 221 169 56 860 48 625 87 689 780 480 450 294 42 885 923 616 580 492 907 440 93 725 212 728 754 110 631 647 900 857 677 600 113 321 854 318 998 337 480 556 837 895 481 458 285 93
146 655 352 408 250 937 319 869 98 152 735 498 680 949 699 0 377 423 828 995 747 466 811 865 712 711 267 671 517 51 34 290 541 20 723 762 710 232 124 37 984 716 781 378 990 101 716 224 186 356 352 280 402 628 847 488 57 865 976 24 474 911 940 206 212 554 768 822 491 491 361 226 526 880 488 417 462 823 916 571 731 551 361 756 626 570 674 76 754 559 396 848 813 991 639 803 762 674 187 745 800 32 987 771 898 76 924 31 598 213 823 454 541 180 768 138 599 624 931 976 575 967 952 717 805 488 909 186 702 846 979 595 478 863 700 482 26 871 583 603 836 740 954 584 655 947 160 709 790 847 336 727 716 754 142 146 82 126 594 458 963 810 582 673 63 272 642 700 309 506 406 528 77 832 800 42 507 772 211 966 43 961 80 994 372 149 424 442 251 327 639 831 370 890 621 61 908 510 143 14 228 905 466 854 844 469 166 40 808 511 236 993 181 787 307 846 762 807 233 570 806 942 750 621 638 633 641 670 273 430 387 563 909 737 25 820 418 40 56 778 201 307 471
397 107 333 925 350 956 881 660 273 540 976 618 97 396 161 377 0 343 989 307 916 715 838 426 851 170 950 141 454 136 482 481 235 311 391 189 577 117 366 843 111 153 81 709 490 136 710 946 109 209 525 723 625 712 466 26 179 813 658 91 429 785 26 118 328 412 961 580 27 455 554 346 208 71 404 967 149 626 383 303 540 297 468 921 359 185 862 39 836 425 814 856 371 844 101 454 475 886 535 653 900 223 787 584 209 636 494 993 953 477 846 407 131 540 874 490 807 193 721 761 484 448 611 739 228 482 792 843 253 925 116 366 300 42 284 708 21 959 737 243 686 61 234 332 780 549 448 84 836 973 56 46 583 116 935 37 884 587 273 839 375 754 695 687 929 212 955 712 934 930 803 178 95 863 683 868 631 347 958 113 198 467 804 702 169 290 152 210 465 221 75 126 354 259 254 979 499 561 349 29 552 362 483 453 998 617 712 672 557 493 762 286 395 237 202 153 392 400 429 909 759 127 752 355 257 168 967 182 921 713 563 240 882 536 100 815 628 629 632 585 274 562 83
544 145 40 83 851 617 788 718 672 501 555 722 13 710 963 423 343 0 240 240 453 814 483 259 567 592 47 604 33 925 987 832 220 103 367 719 508 520 778 128 173 737 251 107 539 996 267 229 988 491 574 219 774 830 683 297 78 498 254 845 311 564 702 21 448 377 418 55 914 778 583 645 618 136 831 451 948 159 745 233 477 524 618 525 700 109 29 95 901 764 892 921 636 840 198 948 332 994 583 178 825 707 555 571 479 126 876 102 694 157 574 935 891 191 112 892 112 459 521 233 688 288 899 943 941 89 636 846 493 483 828 359 845 750 289 576 55 767 251 742 633 455 539 512 236 270 766 720 143 885 467 629 837 161 352 970 854 530 622 768 350 882 661 965 490 11 724 163 405 190 33 364 859 776 29 117 378 744 655 522 146 112 536 845 813 334 443 91 471 192 754 84 912 653 790 847 596 605 176 74 477 924 17 545 167 1000 179 390 457 669 727 766 959 82 682 781 978 425 532 258 386 833 885 474 327 321 883 526 764 42 435 964 408 305 696 742 982 124 798 292 147 794 983
640 901 844 509 904 509 730 43 242 186 410 729 629 816 657 828 989 240 0 470 35 801 767 879 521 699 276 602 923 535 436 116 990 355 398 631 897 33 372 334 906 322 276 380 563 195 267 500 798 327 692 396 202 183 756 65 508 159 550 105 686 975 393 343 680 122 372 910 254 498 558 836 313 824 434 579 928 841 963 144 878 186 937 548 169 623 269 980 639 337 220 499 427 703 569 230 267 722 759 980 381 335 29 202 675 244 567 170 778 881 901 532 109 811 540 403 751 279 968 746 771 351 430 590 74 787 375 877 683 118 768 583 151 970 738 105 502 51 963 275 225 372 46 858 989 863 703 765 714 658 151 348 53 595 816 331 535 438 29 106 949 585 837 393 867 300 211 995 56 231 975 775 968 140 795 449 1000 394 84 541 608 624 453 293 98 492 665 653 491 356 897 702 805 333 791 750 846 807 178 987 518 126 271 459 181 734 426 735 922 578 393 835 466 560 841 11 898 140 970 239 533 60 337 372 93 862 353 123 189 61 137 371 907 191 559 477 985 833 207 862 726 94 689
955 463 454 296 219 785 723 77 605 660 696 440 907 340 826 995 307 240 470 0 996 777 880 255 579 104 236 171 613 406 309 394 252 339 452 166 520 231 70 916 405 629 39 957 313 668 518 553 485 945 408 202 794 112 732 948 592 687 927 903 273 925 797 176 35 930 120 619 487 109 607 684 812 309 374 153 490 153 301 719 872 478 954 238 364 735 682 89 718 985 471 562 58 974 450 880 764 111 973 781 679 655 654 894 148 825 114 654 815 274 991 219 618 330 913 181 471 535 473 386 324 486 827 381 837 753 793 544 852 103 473 998 171 590 538 281 898 658 692 78 304 659 877 875 571 363 890 290 587 612 523 371 691 119 56 984 226 761 245 257 106 142 426 745 262 473 88 573 220 722 854 380 533 514 828 901 340 91 875 985 253 105 642 94 538 421 291 685 74 271 153 823 480 403 169 951 807 550 172 913 39 729 433 116 103 523 602 913 596 303 819 967 808 429 538 240 78 588 513 540 79 601 343 36 944 466 659 558 265 827 62 826 308 479 149 498 232 501 391 710 505 418 301
12 301 200 384 281 849 359 753 721 67 720 539 229 529 445 747 916 453 35 996 0 440 261 69 356 773 442 207 981 796 990 807 678 392 863 751 644 271 448 271 314 272 644 74 382 611 555 502 75 456 271 111 454 401 773 800 746 964 51 550 469 453 923 100 904 583 496 539 395 292 600 298 914 326 665 982 250 865 745 866 219 488 225 317 342 768 753 41 312 842 948 94 674 835 741 44 250 554 647 617 377 655 411 820 336 190 298 537 159 704 742 153 890 374 678 869 883 702 537 568 395 674 465 780 380 636 920 477 819 480 678 671 569 866 931 823 173 847 14 844 579 401 902 489 168 37 596 155 815 190 270 93 253 996 60 850 801 759 141 726 525 15 520 116 599 342 549 799 721 320 323 113 380 203 730 68 458 721 84 225 305 144 749 917 724 133 181 351 220 949 637 206 45 280 710 129 120 898 738 398 810 883 857 816 645 87 490 451 819 401 972 17 164 238 357 38 257 726 776 80 164 163 90 550 36 709 69 27 160 780 183 860 603 434 276 449 552 849 819 129 113 610 787
817 428 533 905 316 636 401 839 820 15 334 150 191 439 965 466 715 814 801 777 440 0 234 403 890 507 564 369 923 562 84 385 192 88 908 300 265 553 988 892 516 835 333 720 671 43 579 829 283 920 236 773 880 645 678 61 184 102 564 78 793 585 313 581 282 433 57 546 916 585 118 549 706 570 123 747 303 233 664 548 488 315 842 135 25 461 898 895 596 820 708 888 530 668 853 984 723 560 221 560 516 516 655 524 712 790 745 935 483 116 376 177 382 405 875 879 491 294 446 234 432 537 60 154 620 598 828 693 44 225 299 947 885 147 622 79 488 352 233 796 162 878 609 973 30 672 725 38 530 402 895 565 504 469 423 175 435 572 64 971 786 322 182 279 428 752 318 286 115 576 929 94 477 579 472 288 410 43 357 450 385 455 431 977 568 397 298 89 480 218 418 872 73 104 974 408 194 979 466 843 267 887 358 989 990 155 55 403 415 400 718 133 32 645 748 455 363 235 19 526 722 501 162 598 365 328 549 588 628 544 39 356 37 881 941 582 505 842 762 244 152 739 989
897 804 235 706 762 888 341 38 682 47 920 445 940 857 943 811 838 483 767 880 261 234 0 328 627 518 439 984 58 834 113 987 792 341 917 825 412 472 310 908 346 544 91 515 986 82 769 427 620 529 307 452 661 203 423 215 616 45 58 811 489 463 476 985 737 167 255 785 927 784 187 399 567 297 577 171 355 981 545 717 878 124 877 952 366 345 385 670 946 465 633 445 624 93 234 686 930 220 185 934 37 313 587 955 811 816 94 965 876 877 69 348 184 881 476 637 691 487 502 591 853 226 672 188 869 896 964 41 278 215 331 594 984 685 428 550 120 913 875 578 148 881 179 160 830 979 451 254 202 116 154 438 89 741 253 736 416 620 842 943 113 283 627 551 133 38 934 229 17 105 256 826 433 530 417 419 640 808 715 171 499 870 337 739 181 114 103 378 410 260 744 938 755 197 582 66 193 193 800 957 16 819 131 719 534 889 769 839 77 986 817 33 849 802 11 420 198 649 838 996 36 935 603 623 682 241 252 618 547 29 468 112 959 769 591 954 754 919 862 787 185 333 444
472 573 979 556 546 520 955 254 916 535 968 170 208 471 362 865 426 259 879 255 69 403 328 0 376 254 457 838 671 857 174 118 231 392 426 301 838 916 238 207 940 63 91 90 804 326 725 91 44 907 164 849 841 270 995 166 822 243 300 67 615 53 501 308 747 468 99 144 571 421 505 76 736 354 546 509 974 424 59 609 506 833 268 566 359 86 963 404 405 75 953 283 410 279 932 63 777 907 77 826 34 298 607 589 916 846 700 846 741 854 285 366 515 872 39 208 432 844 614 278 604 70 215 443 656 587 775 869 673 530 635 345 463 590 335 161 795 671 980 330 134 557 972 402 616 48 226 454 965 679 356 13 904 886 821 326 153 314 28 911 990 501 299 989 298 342 753 858 238 355 241 35 895 993 60 221 777 178 32 467 473 953 375 742 207 671 208 516 18 470 728 816 701 807 525 141 191 960 331 548 617 217 364 654 129 386 651 385 318 562 12 751 242 335 452 517 248 910 416 281 424 879 443 415 790 949 783 290 603 70 366 928 766 703 764 371 959 857 280 723 778 708 106
975 225 940 858 438 247 559 453 336 398 941 510 322 628 489 712 851 567 521 579 356 890 627 376 0 943 343 866 551 576 439 496 534 592 483 876 146 581 232 410 135 712 768 666 240 145 767 284 936 210 444 286 980 804 709 470 900 897 282 29 803 767 96 564 436 649 359 554 952 541 503 204 725 17 645 324 895 117 816 812 656 144 887 762 51 575 542 86 974 355 290 380 419 83 581 882 111 305 420 460 121 822 324 693 808 288 178 204 937 568 779 417 400 388 754 807 203 166 470 553 156 694 286 260 634 637 569 157 756 403 726 544 162 778 534 195 807 420 57 379 631 418 91 118 157 713 199 382 666 981 552 456 467 635 959 797 926 613 134 38 240 344 659 991 221 620 556 218 980 787 588 391 418 439 912 648 152 863 215 951 585 373 424 728 909 517 44 479 26 621 834 972 256 546 874 142 395 294 442 364 278 595 88 302 358 416 674 935 303 343 587 954 185 868 300 834 856 429 919 256 855 861 181 741 975 825 356 856 556 19 683 599 976 54 212 865 436 335 115 290 506 629 11
722 472 845 202 54 54 669 203 501 919 736 113 767 633 809 711 170 592 699 104 773 507 518 254 943 0 595 321 946 37 426 897 888 573 532 294 757 327 793 462 798 576 983 197 729 407 651 602 758 748 608 24 191 763 139 660 547 949 760 944 957 563 509 246 265 253 93 604 28 281 779 933 67 750 325 750 764 30 928 721 432 862 839 221 609 276 345 575 206 240 811 544 310 253 550 165 614 620 629 600 885 155 127 736 935 897 303 691 372 366 686 387 331 130 165 636 723 47 655 150 603 105 138 581 273 876 389 303 567 25 434 371 291 589 902 251 407 892 914 525 565 812 413 37 305 315 710 731 912 602 211 88 477 74 850 547 381 414 323 222 859 658 851 53 579 459 185 409 275 509 127 652 672 28 280 32 845 910 753 326 83 950 710 917 511 367 901 142 38 130 372 227 500 654 42 719 492 462 115 324 46 326 993 651 577 102 301 505 32 851 120 46 115 698 679 520 977 981 371 454 875 790 843 323 251 639 387 862 256 681 991 807 583 339 564 338 226 734 249 280 562 490 164
513 539 401 709 848 475 833 923 65 387 697 611 726 482 985 267 950 47 276 236 442 564 439 457 343 595 0 678 344 255 607 322 651 931 381 897 151 154 200 462 160 41 25 691 504 951 204 885 105 167 98 618 538 574 187 65 150 308 214 967 696 730 478 114 77 960 96 20 433 91 493 803 325 623 64 109 198 521 457 409 13 951 54 232 909 70 923 957 264 58 613 562 512 311 421 196 425 761 50 752 353 439 460 714 805 480 356 68 485 921 786 445 111 478 197 427 229 899 628 349 269 495 322 94 983 395 892 371 718 114 56 58 520 742 560 580 502 593 426 357 407 20 146 531 239 839 324 442 306 730 294 636 907 580 251 676 678 106 876 787 903 446 521 691 688 238 802 916 38 646 545 784 762 191 630 402 138 18 85 363 73 466 892 329 764 805 300 932 248 315 513 331 59 133 902 228 835 953 459 566 780 197 537 115 51 280 41 432 613 647 356 585 895 219 865 339 503 65 924 775 404 252 998 238 791 459 652 126 265 145 860 596 656 876 698 648 647 350 580 748 506 107 458
405 242 637 204 665 79 189 291 513 70 915 475 560 869 684 671 141 604 602 171 207 369 984 838 866 321 678 0 74 493 532 267 855 487 98 369 388 302 74 913 108 821 855 636 578 807 350 578 28 725 841 202 921 512 354 793 480 836 916 697 268 724 888 391 185 572 622 68 852 485 59 398 55 429 780 425 503 308 72 997 54 441 117 17 648 814 549 243 656 447 352 197 743 27 769 647 170 324 154 203 624 826 873 370 497 574 596 557 745 900 141 768 311 224 629 521 660 996 196 636 704 952 766 433 483 404 392 543 976 447 64 751 319 37 578 744 670 158 184 862 595 366 803 803 826 28 436 61 308 517 660 625 859 812 251 125 258 167 418 932 72 355 531 511 344 896 466 94 574 493 893 436 949 941 43 556 750 24 959 596 378 533 282 717 573 836 282 639 228 665 606 658 140 354 76 319 333 206 500 199 260 474 811 204 308 945 736 429 208 668 643 498 93 799 52 179 774 690 194 924 978 330 158 23 155 912 894 822 156 610 158 380 691 824 892 229 532 374 390 990 390 70 673
414 868 206 637 28 154 199 849 47 119 846 518 735 788 985 517 454 33 923 613 981 923 58 671 551 946 344 74 0 813 373 999 65 633 471 615 552 35 418 273 351 329 301 543 854 862 476 269 549 539 960 599 277 766 318 24 686 694 722 944 734 134 250 677 985 985 74 518 740 599 667 468 560 627 107 806 59 320 594 971 422 723 768 361 164 547 31 886 818 269 920 408 44 866 168 971 886 924 732 216 322 340 298 385 489 642 149 652 678 111 775 58 57 362 982 522 557 601 15 554 229 767 61 571 894 459 87 898 231 881 880 556 604 725 243 523 214 334 95 271 444 932 460 170 513 525 508 377 382 157 678 999 282 945 682 159 940 624 444 55 394 815 134 870 444 611 784 44 902 892 951 819 484 412 356 981 289 480 552 848 779 573 133 895 256 929 187 478 857 693 141 808 571 823 32 143 561 530 298 192 294 787 815 57 320 662 586 561 323 560 713 603 709 860 728 894 106 929 975 171 35 555 951 818 996 675 314 178 148 742 941 337 35 570 411 549 388 586 876 587 600 788 710
281 923 195 985 792 568 401 365 597 148 986 561 74 165 458 51 136 925 535 406 796 562 834 857 576 37 255 493 813 0 291 628 202 912 277 626 967 696 766 786 710 851 357 821 260 799 803 805 835 643 986 670 808 1000 206 674 653 465 764 501 442 874 539 780 43 628 975 683 897 132 776 57 460 915 874 431 803 73 508 254 914 943 899 366 215 412 548 494 941 128 794 292 437 522 557 993 15 674 244 852 875 362 292 159 434 97 558 710 612 979 178 811 545 23 109 18 477 544 795 386 668 927 504 772 442 857 734 107 671 935 771 599 24 251 165 251 190 476 980 17 965 214 94 174 512 788 118 435 217 676 687 280 868 499 225 939 796 698 399 60 483 935 304 272 985 289 546 623 545 577 154 685 944 258 236 863 75 694 541 646 875 169 65 434 733 986 543 377 915 48 330 234 440 101 688 900 896 21 571 638 699 851 668 687 739 172 706 892 23 917 910 929 326 472 416 187 438 359 815 715 307 981 615 869 177 895 410 639 48 609 486 104 581 32 518 510 494 949 732 768 349 595 551
711 130 428 363 115 744 230 154 686 750 995 394 939 919 289 34 482 987 436 309 990 84 113 174 439 426 607 532 373 291 0 924 878 990 898 949 393 620 1000 415 448 169 470 179 574 37 755 165 689 670 546 793 217 970 710 557 429 291 469 612 933 902 902 274 160 46 21 953 538 557 609 650 587 352 668 851 988 567 810 354 976 725 962 480 417 406 508 701 281 910 815 897 727 428 483 172 91 623 655 420 379 146 243 476 502 959 30 569 260 796 556 989 582 828 636 48 63 839 248 506 723 625 923 782 774 530 410 55 399 692 456 442 122 117 268 219 271 441 124 303 906 714 840 854 16 510 214 515 665 338 282 555 921 729 89 719 250 510 447 685 481 166 203 907 24 187 728 264 748 744 71 679 362 341 912 96 382 41 617 538 722 865 38 515 603 563 510 179 36 358 623 949 365 823 260 159 654 140 467 227 767 18 410 212 227 510 701 916 366 277 345 303 531 790 258 941 29 61 78 78 876 412 983 44 669 511 543 946 954 742 795 310 235 819 48 284 690 208 327 965 878 790 506
819 688 825 762 54 523 268 626 976 855 290 714 566 67 704 290 481 832 116 394 807 385 987 118 496 897 322 267 999 628 924 0 398 195 791 302 444 589 371 373 616 957 653 510 794 916 703 125 895 418 433 706 709 459 962 277 434 139 866 747 55 897 348 791 914 727 800 108 158 809 671 714 201 106 565 209 668 28 345 322 767 935 776 332 860 579 979 581 149 168 585 667 215 172 542 203 976 803 886 855 153 678 953 347 538 860 801 222 770 274 74 516 97 333 153 698 443 307 870 466 965 787 965 907 810 851 46 641 671 904 321 452 330 917 185 105 409 55 351 232 285 533 47 541 521 501 791 672 635 880 838 743 412 258 253 630 392 51 601 463 991 867 191 83 574 42 609 358 943 731 719 166 107 516 359 528 153 897 13 352 860 661 704 335 31 232 379 724 636 343 558 974 207 451 830 613 541 789 744 675 580 430 130 337 141 22 497 335 531 864 529 470 62 167 495 871 708 479 61 774 548 906 226 285 123 325 161 909 50 317 723 712 835 753 506 868 603 767 722 653 680 959 790
376 779 224 27 410 551 316 114 762 643 162 461 480 65 619 541 235 220 990 252 678 192 792 231 534 888 651 855 65 202 878 398 0 330 979 202 169 910 346 925 320 849 449 88 907 862 488 613 734 569 602 210 792 799 64 415 100 125 294 607 970 756 861 531 444 442 650 138 957 28 767 757 92 521 827 92 513 651 748 783 914 97 40 932 467 782 65 311 934 220 973 680 957 671 41 514 913 458 257 167 558 124 754 249 102 869 959 651 564 606 917 660 310 517 793 977 341 574 361 375 901 257 847 606 412 997 408 650 238 321 555 86 843 858 906 156 606 662 975 200 511 574 248 238 585 566 549 871 97 697 891 15 331 586 56 684 725 729 117 520 209 48 886 694 330 164 969 349 644 166 184 350 952 862 430 650 887 870 584 564 369 291 897 373 497 862 175 147 52 45 774 938 303 525 96 613 822 598 331 713 564 561 790 755 271 533 260 154 623 518 452 122 890 457 264 150 438 553 45 317 376 652 49 578 229 269 425 967 675 200 32 812 899 405 980 915 199 776 475 330 370 859 35
10 251 532 792 380 931 593 923 952 558 588 97 958 425 282 20 311 103 355 339 392 88 341 392 592 573 931 487 633 912 990 195 330 0 587 270 138 170 348 203 94 782 971 89 818 707 330 87 748 490 50 226 956 532 528 285 422 371 465 29 793 326 188 430 522 242 233 637 533 648 238 136 936 290 872 886 772 687 115 892 301 335 851 843 467 841 802 11 39 771 700 846 120 138 731 358 196 34 15 341 877 655 825 373 96 912 643 54 223 623 309 204 955 478 923 164 363 507 294 163 781 747 368 249 903 86 782 855 927 476 484 156 650 55 295 126 842 320 191 997 46 393 192 21 453 260 914 987 981 519 630 62 124 780 309 831 277 178 223 629 194 926 641 541 482 458 719 18 461 844 683 184 945 948 207 36 300 627 150 529 350 119 19 243 676 119 901 551 385 398 982 223 519 797 213 918 415 121 297 452 346 241 256 531 598 705 393 434 266 43 968 355 707 547 693 744 265 763 33 608 698 971 169 253 695 578 458 467 750 350 19 783 547 175 173 815 810 124 640 474 647 381 189
186 345 129 94 672 774 340 237 954 693 740 715 744 482 242 723 391 367 398 452 863 908 917 426 483 532 381 98 471 277 898 791 979 587 0 588 620 94 109 896 398 66 221 747 474 966 140 733 488 212 23 354 774 405 906 645 691 361 799 304 353 269 98 692 721 106 348 643 248 522 147 938 104 861 307 756 661 467 832 477 815 549 159 49 744 656 97 995 34 498 996 338 732 240 327 399 617 963 272 549 162 900 536 117 514 543 955 213 342 733 856 762 751 689 741 168 881 926 406 332 743 536 506 879 481 920 964 341 614 608 380 574 701 893 504 278 78 74 55 676 816 751 683 147 197 782 24 991 498 118 616 140 108 456 393 729 464 374 923 589 147 104 33 412 760 288 583 159 500 326 524 564 512 21 760 401 177 462 211 694 754 285 546 58 544 677 321 504 347 304 586 323 418 229 154 939 506 933 673 692 917 658 771 90 200 613 746 282 920 763 451 492 264 341 588 1000 292 574 951 170 677 1000 970 37 642 801 984 401 136 473 444 297 556 795 303 984 676 392 666 687 748 212 492
608 74 911 878 557 972 317 917 715 319 76 666 267 127 836 762 189 719 631 166 751 300 825 301 876 294 897 369 615 626 949 302 202 270 588 0 655 76 314 501 750 699 738 184 316 540 697 144 631 128 627 238 648 628 277 56 691 390 464 650 242 160 77 551 531 831 301 243 216 169 708 723 230 440 613 741 843 10 347 845 596 323 162 213 910 464 655 955 472 881 684 981 897 188 43 363 13 730 448 992 653 276 727 724 545 796 270 775 828 720 308 403 858 148 840 346 550 882 983 477 230 165 416 581 113 221 873 202 880 188 738 119 450 675 95 654 887 174 943 150 859 709 1000 237 472 607 642 312 111 964 489 579 522 455 331 877 72 993 882 12 927 115 794 292 117 947 467 837 810 181 937 578 177 801 819 129 285 608 766 123 666 734 827 963 840 730 794 437 764 804 863 263 467 250 329 521 581 303 667 874 745 810 507 844 225 67 935 839 192 362 739 978 249 611 301 281 542 516 247 367 93 188 173 214 282 575 397 902 542 233 964 579 786 428 300 337 909 792 60 468 26 907 382
168 312 829 219 831 195 119 601 530 371 876 997 408 45 131 710 577 508 897 520 644 265 412 838 146 757 151 388 552 967 393 444 169 138 620 655 0 716 689 254 649 627 95 380 613 639 446 84 504 747 840 917 484 240 145 263 960 630 767 435 771 878 829 457 410 306 419 745 548 324 407 763 342 742 171 575 45 523 925 196 582 984 564 124 192 813 192 82 805 84 59 372 415 375 158 33 394 448 877 275 368 909 798 86 799 405 811 149 453 27 384 752 795 114 63 865 612 224 651 169 555 990 709 396 364 64 693 100 57 695 656 909 577 867 999 757 737 813 634 230 774 286 531 13 307 833 502 256 185 692 593 481 764 536 561 337 879 764 103 249 310 23 953 194 598 63 506 617 525 266 774 632 94 43 383 696 456 635 686 173 980 639 494 219 52 985 919 628 568 854 168 881 221 49 433 756 793 422 505 380 888 96 966 262 739 101 276 797 102 542 454 253 423 911 777 74 458 608 240 219 363 988 585 967 211 340 470 829 918 754 142 537 432 155 228 418 98 840 116 375 410 196 191
680 301 238 444 603 137 480 541 926 407 624 968 801 928 369 232 117 520 33 231 271 553 472 916 581 327 154 302 35 696 620 589 910 170 94 76 716 0 310 682 809 465 260 108 185 685 313 699 513 496 649 932 431 49 31 320 562 33 166 677 648 533 956 10 802 372 816 628 643 304 450 755 183 481 935 583 400 272 780 151 41 315 136 206 190 840 918 109 515 678 517 14 83 185 353 526 44 541 289 219 605 933 46 453 897 834 85 829 629 335 658 817 529 196 209 408 756 260 365 725 680 648 542 72 904 708 749 267 85 438 675 964 676 986 607 95 915 971 712 636 45 735 12 423 205 682 549 121 865 84 397 827 26 131 303 109 479 915 938 210 469 686 927 510 823 342 665 381 704 928 360 146 437 454 264 236 536 145 829 785 370 140 778 665 41 968 54 869 971 157 223 705 649 104 891 511 469 528 58 925 288 44 667 709 247 857 943 923 175 245 654 773 477 416 314 507 25 253 520 465 549 329 572 219 607 896 684 350 370 551 117 241 953 365 99 778 112 164 203 61 482 721 219
346 287 434 550 349 435 81 236 322 81 609 34 624 912 901 124 366 778 372 70 448 988 310 238 232 793 200 74 418 766 1000 371 346 348 109 314 689 310 0 637 830 458 64 384 122 58 294 961 597 462 552 230 313 728 991 889 336 701 434 176 727 297 745 396 462 33 51 978 353 512 549 822 164 305 804 43 187 802 729 953 659 62 861 576 928 335 165 620 211 856 586 831 601 135 593 489 180 110 589 126 739 65 303 583 307 930 705 216 943 693 769 400 31 966 705 542 628 470 365 493 994 559 533 971 865 615 286 362 116 238 658 63 352 14 392 915 695 954 376 627 408 906 188 573 745 454 176 470 748 667 533 628 290 637 409 265 799 188 757 910 909 332 637 94 990 301 901 703 716 731 207 607 375 194 428 630 25 950 822 963 820 982 62 167 50 631 759 261 287 275 288 200 93 522 615 902 59 468 100 632 738 98 321 17 1000 374 957 392 774 975 280 988 61 637 267 771 716 621 326 645 70 708 378 367 237 55 529 774 725 430 656 313 416 526 811 433 612 17 773 82 240 939 900
449 961 352 452 601 542 460 552 717 533 383 929 835 449 633 37 843 128 334 916 271 892 908 207 410 462 462 913 273 786 415 373 925 203 896 501 254 682 637 0 205 826 20 88 18 956 636 305 851 573 797 202 493 447 630 996 979 546 266 777 425 136 697 582 102 515 123 614 129 623 790 325 959 533 757 477 135 443 316 14 631 184 376 399 214 854 466 783 283 89 203 402 799 579 875 297 58 995 469 419 572 13 992 585 195 594 996 694 215 95 873 428 814 845 679 266 478 263 587 483 524 265 364 433 93 614 777 517 128 153 512 485 314 978 172 281 946 869 800 565 982 497 420 782 18 948 315 29 481 392 342 375 439 399 58 330 20 821 336 98 884 274 792 196 286 525 391 134 737 91 975 509 325 735 760 492 968 620 229 409 635 60 913 958 608 825 650 70 244 701 841 857 851 911 650 399 770 110 699 815 375 719 40 63 994 242 53 712 653 941 175 85 564 165 123 934 232 822 701 704 346 808 108 478 175 241 937 457 691 893 197 623 123 906 263 963 301 571 616 264 569 959 169
320 216 561 565 526 698 93 775 299 163 591 146 714 885 582 984 111 173 906 405 314 516 346 940 135 798 160 108 351 710 448 616 320 94 398 750 649 809 830 205 0 498 793 780 72 183 984 419 228 999 57 907 426 85 508 459 156 43 455 351 186 618 374 146 386 794 955 208 587 772 12 958 521 851 112 891 377 148 943 891 592 353 488 595 490 11 513 202 353 922 370 282 731 907 974 596 974 121 186 986 56 27 426 617 559 369 88 984 154 337 152 497 748 399 327 398 854 964 521 631 675 662 655 34 940 450 611 580 990 64 626 142 236 599 753 808 487 32 945 270 500 565 149 908 547 202 712 42 178 331 157 915 302 861 810 244 860 33 452 528 464 602 797 986 351 953 635 699 696 159 841 354 380 467 584 663 956 464 702 54 489 370 14 990 100 351 754 83 889 672 34 598 521 974 186 70 649 513 234 632 109 835 659 284 813 14 994 705 140 801 917 14 741 931 269 326 387 943 312 669 830 433 242 575 939 35 585 643 209 205 11 463 256 993 383 222 704 481 352 417 151 616 119
471 874 588 949 59 129 57 410 678 890 541 800 421 407 435 716 153 737 322 629 272 835 544 63 712 576 41 821 329 851 169 957 849 782 66 699 627 465 458 826 498 0 150 808 465 884 290 803 979 579 506 304 533 468 165 759 101 530 709 727 434 369 320 764 713 619 160 738 382 294 122 884 820 196 452 931 818 102 11 981 132 503 66 811 919 51 725 540 234 863 744 668 817 346 213 983 430 173 592 316 860 18 309 450 763 525 446 821 48 226 949 407 876 687 720 231 762 932 31 845 983 850 658 386 716 190 424 568 913 157 20 831 70 622 416 478 382 810 901 813 363 541 870 869 766 922 56 799 905 240 831 718 218 841 784 501 311 939 818 836 397 656 592 248 760 536 502 299 359 24 209 642 981 345 264 879 479 58 82 588 37 160 674 141 595 666 693 968 351 317 973 299 467 885 640 72 893 96 718 121 217 246 307 532 597 159 321 208 872 290 629 994 10 602 647 501 126 748 137 185 334 948 680 140 940 736 133 362 588 671 48 751 176 243 850 594 355 447 31 634 99 360 203
