56
0 212 360 41 320 714 707 444 714 592 351 795 545 525 300 286 702 941 280 869 140 640 54 847 728 760 166 151 592 345 561 530 428 742 585 165 773 264 940 935 376 966 894 642 260 492 85 194 152 633 345 767 301 508 675 612
212 0 775 655 30 219 667 110 195 91 749 901 82 742 21 732 682 159 718 931 648 961 932 814 774 689 377 191 960 719 214 157 791 478 441 570 185 637 99 187 365 376 711 550 147 173 926 520 928 459 586 837 580 856 557 723
360 775 0 271 63 299 901 190 605 609 729 362 645 316 211 532 273 259 384 420 224 251 745 68 989 525 132 998 214 308 15 639 885 414 399 288 873 351 434 964 719 687 757 360 70 546 987 304 477 664 191 770 959 657 717 108
41 655 271 0 860 85 257 46 456 14 677 197 353 609 888 120 535 805 303 866 918 498 742 933 429 576 442 770 481 821 803 633 329 475 349 857 674 682 116 644 142 55 762 302 141 525 837 990 219 403 561 405 501 227 339 965
320 30 63 860 0 617 40 117 253 168 966 671 566 72 824 896 727 255 804 22 361 95 453 147 445 971 656 555 677 64 789 468 119 421 180 976 450 970 715 156 649 669 323 257 248 211 138 360 820 239 705 677 990 325 338 207
714 219 299 85 617 0 266 523 215 533 120 402 531 392 76 365 788 186 71 882 56 264 753 370 456 723 885 473 312 390 791 574 966 156 465 302 876 946 699 866 239 531 86 389 354 264 911 220 629 528 387 811 139 272 127 562
707 667 901 257 40 266 0 598 440 387 655 974 956 87 106 574 747 20 699 183 450 162 420 516 202 128 677 167 692 610 224 546 601 665 877 927 400 171 492 919 641 329 928 554 151 606 100 682 203 893 957 799 180 173 369 25
444 110 190 46 117 523 598 0 228 80 365 271 291 157 262 160 753 913 418 673 15 475 741 980 776 217 784 216 115 754 362 484 711 793 132 509 596 253 537 56 211 531 500 49 682 41 10 305 395 661 944 952 545 194 347 394
714 195 605 456 253 215 440 228 0 974 970 177 962 564 264 534 512 732 861 696 581 718 973 827 303 796 299 973 736 509 913 330 557 575 440 272 300 825 60 941 201 832 797 977 803 241 852 640 839 718 936 969 899 525 89 762
592 91 609 14 168 533 387 80 974 0 604 351 17 412 389 75 308 441 195 155 60 801 434 665 407 207 309 759 879 528 215 754 506 565 590 343 865 891 192 463 963 888 579 979 484 686 482 442 850 606 33 396 976 158 842 429
351 749 729 677 966 120 655 365 970 604 0 942 993 45 731 612 558 939 369 944 409 691 154 638 123 737 157 10 743 351 992 348 785 831 794 928 104 711 423 998 452 578 551 949 172 727 996 200 610 858 448 403 801 418 580 952
795 901 362 197 671 402 974 271 177 351 942 0 251 211 538 19 303 272 992 525 346 194 23 568 478 804 611 758 858 256 182 392 460 954 604 287 11 646 859 706 487 644 508 313 300 549 101 386 75 731 583 785 315 306 908 507
545 82 645 353 566 531 956 291 962 17 993 251 0 314 109 811 875 623 195 385 145 848 317 253 595 387 743 858 887 750 220 252 651 203 720 677 878 980 782 450 269 49 520 601 387 240 933 92 573 506 803 777 446 464 297 636
525 742 316 609 72 392 87 157 564 412 45 211 314 0 961 524 828 677 963 603 532 567 367 869 861 235 515 863 463 730 501 326 842 430 275 581 701 596 847 645 589 322 237 81 309 715 826 154 69 589 312 630 701 625 112 73
300 21 211 888 824 76 106 262 264 389 731 538 109 961 0 487 747 787 997 548 733 192 623 506 243 403 424 352 210 586 786 401 835 87 408 122 985 892 543 613 605 486 588 61 127 33 932 617 825 436 409 695 964 544 612 80
286 732 532 120 896 365 574 160 534 75 612 19 811 524 487 0 781 584 928 78 28 53 337 798 696 991 362 944 839 330 296 394 974 781 443 18 288 584 628 898 455 638 305 615 535 272 690 825 157 843 572 30 702 976 285 957
702 682 273 535 727 788 747 753 512 308 558 303 875 828 747 781 0 874 244 340 230 127 576 408 971 404 515 899 192 981 430 837 557 17 782 807 359 145 558 888 201 315 703 458 928 730 914 876 797 703 780 504 503 127 711 871
941 159 259 805 255 186 20 913 732 441 939 272 623 677 787 584 874 0 663 790 599 552 969 451 757 977 39 415 37 208 88 749 81 412 432 781 316 504 837 786 773 366 272 756 716 263 308 356 946 591 210 628 207 878 889 247
280 718 384 303 804 71 699 418 861 195 369 992 195 963 997 928 244 663 0 677 571 765 166 244 406 899 254 743 778 166 696 973 973 997 122 722 507 296 371 302 584 702 818 220 197 131 178 436 750 894 76 161 213 767 65 210
869 931 420 866 22 882 183 673 696 155 944 525 385 603 548 78 340 790 677 0 26 636 239 218 582 504 47 715 179 616 980 832 489 635 417 132 648 431 434 275 611 267 510 303 391 540 147 912 988 649 496 432 826 187 90 682
140 648 224 918 361 56 450 15 581 60 409 346 145 532 733 28 230 599 571 26 0 899 142 424 183 596 566 765 72 138 826 259 684 511 728 334 837 789 909 414 44 93 958 425 875 11 15 231 79 686 122 776 925 931 384 390
640 961 251 498 95 264 162 475 718 801 691 194 848 567 192 53 127 552 765 636 899 0 186 764 294 332 659 209 583 839 375 789 470 442 533 558 239 961 745 707 978 268 386 310 693 950 597 575 982 830 913 903 151 467 124 821
54 932 745 742 453 753 420 741 973 434 154 23 317 367 623 337 576 969 166 239 142 186 0 525 18 805 837 971 615 310 844 970 386 19 442 330 334 755 80 71 83 51 576 410 983 108 611 672 548 320 537 341 716 949 610 299
847 814 68 933 147 370 516 980 827 665 638 568 253 869 506 798 408 451 244 218 424 764 525 0 183 199 448 667 102 860 630 702 285 406 635 449 406 928 996 629 823 447 926 528 518 154 875 602 405 825 723 155 234 421 818 161
728 774 989 429 445 456 202 776 303 407 123 478 595 861 243 696 971 757 406 582 183 294 18 183 0 958 64 786 614 699 84 744 821 370 384 456 358 81 780 443 578 94 535 39 334 952 802 876 997 135 113 232 154 80 83 650
760 689 525 576 971 723 128 217 796 207 737 804 387 235 403 991 404 977 899 504 596 332 805 199 958 0 290 400 997 385 91 279 884 696 300 227 546 372 904 959 92 154 968 746 961 664 738 11 679 626 875 579 824 855 633 110
166 377 132 442 656 885 677 784 299 309 157 611 743 515 424 362 515 39 254 47 566 659 837 448 64 290 0 615 131 974 648 865 926 155 720 958 877 622 54 839 129 100 383 643 582 619 341 772 368 938 556 473 230 330 509 948
151 191 998 770 555 473 167 216 973 759 10 758 858 863 352 944 899 415 743 715 765 209 971 667 786 400 615 0 369 919 103 653 826 801 788 742 167 889 311 87 907 173 358 888 830 371 86 49 406 561 732 584 100 310 640 885
592 960 214 481 677 312 692 115 736 879 743 858 887 463 210 839 192 37 778 179 72 583 615 102 614 997 131 369 0 274 633 699 295 201 184 727 779 923 290 770 606 954 445 133 275 817 495 874 615 848 308 331 755 744 122 603
345 719 308 821 64 390 610 754 509 528 351 256 750 730 586 330 981 208 166 616 138 839 310 860 699 385 974 919 274 0 898 542 418 581 590 970 407 955 347 116 33 655 349 353 80 932 29 542 519 260 285 94 758 928 858 980
561 214 15 803 789 791 224 362 913 215 992 182 220 501 786 296 430 88 696 980 826 375 844 630 84 91 648 103 633 898 0 783 476 371 875 538 944 237 566 562 700 184 256 912 729 454 866 683 959 60 986 377 996 752 560 50
530 157 639 633 468 574 546 484 330 754 348 392 252 326 401 394 837 749 973 832 259 789 970 702 744 279 865 653 699 542 783 0 234 712 954 227 462 189 318 847 560 993 137 579 543 844 946 482 669 403 556 233 135 367 20 222
428 791 885 329 119 966 601 711 557 506 785 460 651 842 835 974 557 81 973 489 684 470 386 285 821 884 926 826 295 418 476 234 0 239 835 844 696 420 172 106 725 327 43 32 657 889 958 225 710 97 756 43 811 41 649 908
742 478 414 475 421 156 665 793 575 565 831 954 203 430 87 781 17 412 997 635 511 442 19 406 370 696 155 801 201 581 371 712 239 0 648 288 991 486 466 791 435 962 238 830 817 656 768 794 868 755 874 436 326 593 234 206
585 441 399 349 180 465 877 132 440 590 794 604 720 275 408 443 782 432 122 417 728 533 442 635 384 300 720 788 184 590 875 954 835 648 0 89 866 513 410 295 560 440 39 918 345 286 98 321 745 289 106 963 360 52 350 550
165 570 288 857 976 302 927 509 272 343 928 287 677 581 122 18 807 781 722 132 334 558 330 449 456 227 958 742 727 970 538 227 844 288 89 0 18 344 842 407 73 607 654 115 910 547 341 115 637 367 268 294 596 25 360 172
773 185 873 674 450 876 400 596 300 865 104 11 878 701 985 288 359 316 507 648 837 239 334 406 358 546 877 167 779 407 944 462 696 991 866 18 0 609 499 937 225 352 201 417 546 550 195 68 429 726 791 286 319 242 548 703
264 637 351 682 970 946 171 253 825 891 711 646 980 596 892 584 145 504 296 431 789 961 755 928 81 372 622 889 923 955 237 189 420 486 513 344 609 0 142 720 213 765 134 118 528 930 330 767 960 426 865 367 513 706 192 269
940 99 434 116 715 699 492 537 60 192 423 859 782 847 543 628 558 837 371 434 909 745 80 996 780 904 54 311 290 347 566 318 172 466 410 842 499 142 0 409 516 982 300 503 358 138 643 268 591 160 995 523 78 507 135 972
935 187 964 644 156 866 919 56 941 463 998 706 450 645 613 898 888 786 302 275 414 707 71 629 443 959 839 87 770 116 562 847 106 791 295 407 937 720 409 0 756 651 500 954 973 169 543 929 185 15 893 209 414 650 342 153
376 365 719 142 649 239 641 211 201 963 452 487 269 589 605 455 201 773 584 611 44 978 83 823 578 92 129 907 606 33 700 560 725 435 560 73 225 213 516 756 0 805 967 585 778 574 558 361 471 793 163 704 308 412 363 753
966 376 687 55 669 531 329 531 832 888 578 644 49 322 486 638 315 366 702 267 93 268 51 447 94 154 100 173 954 655 184 993 327 962 440 607 352 765 982 651 805 0 665 287 339 12 903 821 480 167 999 430 471 861 549 801
894 711 757 762 323 86 928 500 797 579 551 508 520 237 588 305 703 272 818 510 958 386 576 926 535 968 383 358 445 349 256 137 43 238 39 654 201 134 300 500 967 665 0 544 320 486 770 458 884 575 840 469 367 734 600 774
642 550 360 302 257 389 554 49 977 979 949 313 601 81 61 615 458 756 220 303 425 310 410 528 39 746 643 888 133 353 912 579 32 830 918 115 417 118 503 954 585 287 544 0 252 64 866 217 925 485 218 767 221 49 991 648
260 147 70 141 248 354 151 682 803 484 172 300 387 309 127 535 928 716 197 391 875 693 983 518 334 961 582 830 275 80 729 543 657 817 345 910 546 528 358 973 778 339 320 252 0 48 432 671 963 639 405 12 432 965 64 937
492 173 546 525 211 264 606 41 241 686 727 549 240 715 33 272 730 263 131 540 11 950 108 154 952 664 619 371 817 932 454 844 889 656 286 547 550 930 138 169 574 12 486 64 48 0 18 757 12 984 468 412 779 279 999 707
85 926 987 837 138 911 100 10 852 482 996 101 933 826 932 690 914 308 178 147 15 597 611 875 802 738 341 86 495 29 866 946 958 768 98 341 195 330 643 543 558 903 770 866 432 18 0 755 509 849 314 901 180 448 745 450
194 520 304 990 360 220 682 305 640 442 200 386 92 154 617 825 876 356 436 912 231 575 672 602 876 11 772 49 874 542 683 482 225 794 321 115 68 767 268 929 361 821 458 217 671 757 755 0 395 868 406 330 367 706 445 729
152 928 477 219 820 629 203 395 839 850 610 75 573 69 825 157 797 946 750 988 79 982 548 405 997 679 368 406 615 519 959 669 710 868 745 637 429 960 591 185 471 480 884 925 963 12 509 395 0 52 699 337 668 235 867 289
633 459 664 403 239 528 893 661 718 606 858 731 506 589 436 843 703 591 894 649 686 830 320 825 135 626 938 561 848 260 60 403 97 755 289 367 726 426 160 15 793 167 575 485 639 984 849 868 52 0 389 894 652 901 346 664
345 586 191 561 705 387 957 944 936 33 448 583 803 312 409 572 780 210 76 496 122 913 537 723 113 875 556 732 308 285 986 556 756 874 106 268 791 865 995 893 163 999 840 218 405 468 314 406 699 389 0 612 569 142 342 987
767 837 770 405 677 811 799 952 969 396 403 785 777 630 695 30 504 628 161 432 776 903 341 155 232 579 473 584 331 94 377 233 43 436 963 294 286 367 523 209 704 430 469 767 12 412 901 330 337 894 612 0 284 576 506 730
301 580 959 501 990 139 180 545 899 976 801 315 446 701 964 702 503 207 213 826 925 151 716 234 154 824 230 100 755 758 996 135 811 326 360 596 319 513 78 414 308 471 367 221 432 779 180 367 668 652 569 284 0 231 640 508
508 856 657 227 325 272 173 194 525 158 418 306 464 625 544 976 127 878 767 187 931 467 949 421 80 855 330 310 744 928 752 367 41 593 52 25 242 706 507 650 412 861 734 49 965 279 448 706 235 901 142 576 231 0 520 975
675 557 717 339 338 127 369 347 89 842 580 908 297 112 612 285 711 889 65 90 384 124 610 818 83 633 509 640 122 858 560 20 649 234 350 360 548 192 135 342 363 549 600 991 64 999 745 445 867 346 342 506 640 520 0 766
612 723 108 965 207 562 25 394 762 429 952 507 636 73 80 957 871 247 210 682 390 821 299 161 650 110 948 885 603 980 50 222 908 206 550 172 703 269 972 153 753 801 774 648 937 707 450 729 289 664 987 730 508 975 766 0
